   1.0000000e+00	  -1.0400000e-02	  -4.3900000e-03	  -2.7200000e-04	  -1.6500000e+00	   2.4000000e+00	  -1.0659000e-02	  -4.6970000e-03	  -2.7005000e-04	  -1.5935000e+00	   2.4129000e+00	  -1.0918000e-02	  -5.0039000e-03	  -2.6810000e-04	  -1.5369000e+00	   2.4258000e+00	  -1.1177000e-02	  -5.3109000e-03	  -2.6615000e-04	  -1.4804000e+00	   2.4387000e+00	   6.0000000e+00	   2.5000000e+00	   1.2500000e-01	   6.0031000e+00	   2.3955000e+00	   1.1933000e-01	   6.0061000e+00	   2.2910000e+00	   1.1366000e-01	   6.0092000e+00	   2.1865000e+00	   1.0799000e-01	
   2.0000000e+00	  -1.0400000e-02	  -4.3900000e-03	   1.2800000e-03	  -1.6500000e+00	   2.4000000e+00	  -1.0959000e-02	  -4.0849000e-03	   1.1848000e-03	  -1.7391000e+00	   2.3601000e+00	  -1.1518000e-02	  -3.7798000e-03	   1.0895000e-03	  -1.8282000e+00	   2.3203000e+00	  -1.2077000e-02	  -3.4746000e-03	   9.9428000e-04	  -1.9173000e+00	   2.2804000e+00	   6.0000000e+00	   2.2500000e+00	   1.2500000e-01	   6.2421000e+00	   2.1415000e+00	   9.7958000e-02	   6.4843000e+00	   2.0330000e+00	   7.0915000e-02	   6.7264000e+00	   1.9245000e+00	   4.3873000e-02	
   3.0000000e+00	  -1.0400000e-02	  -4.3900000e-03	   1.2800000e-03	  -1.6500000e+00	   2.4000000e+00	  -1.0285000e-02	  -4.5840000e-03	   1.3689000e-03	  -1.5108000e+00	   2.4502000e+00	  -1.0169000e-02	  -4.7780000e-03	   1.4579000e-03	  -1.3716000e+00	   2.5003000e+00	  -1.0054000e-02	  -4.9719000e-03	   1.5468000e-03	  -1.2324000e+00	   2.5505000e+00	   5.2700000e+00	   2.5000000e+00	   1.2500000e-01	   5.4182000e+00	   2.4821000e+00	   1.2282000e-01	   5.5664000e+00	   2.4642000e+00	   1.2064000e-01	   5.7147000e+00	   2.4462000e+00	   1.1846000e-01	
   4.0000000e+00	  -1.1400000e-02	  -5.5600000e-03	   2.6800000e-04	  -1.6500000e+00	   2.4000000e+00	  -1.2438000e-02	  -5.1901000e-03	   2.0450000e-04	  -1.5446000e+00	   2.3874000e+00	  -1.3476000e-02	  -4.8203000e-03	   1.4100000e-04	  -1.4393000e+00	   2.3749000e+00	  -1.4514000e-02	  -4.4504000e-03	   7.7507000e-05	  -1.3339000e+00	   2.3623000e+00	   5.3484000e+00	   2.9520000e+00	   1.6353000e-01	   5.1410000e+00	   3.0277000e+00	   1.4610000e-01	   4.9336000e+00	   3.1035000e+00	   1.2866000e-01	   4.7262000e+00	   3.1792000e+00	   1.1123000e-01	
   5.0000000e+00	  -1.0000000e-02	  -5.5600000e-03	   2.6800000e-04	  -1.6500000e+00	   2.4000000e+00	  -9.2498000e-03	  -5.3846000e-03	   3.9294000e-04	  -1.5390000e+00	   2.3223000e+00	  -8.4995000e-03	  -5.2093000e-03	   5.1788000e-04	  -1.4281000e+00	   2.2447000e+00	  -7.7493000e-03	  -5.0339000e-03	   6.4282000e-04	  -1.3171000e+00	   2.1670000e+00	   4.7848000e+00	   2.6458000e+00	   1.7332000e-01	   4.5651000e+00	   2.8254000e+00	   1.8735000e-01	   4.3453000e+00	   3.0050000e+00	   2.0138000e-01	   4.1256000e+00	   3.1846000e+00	   2.1541000e-01	
   6.0000000e+00	  -1.0000000e-02	  -5.5600000e-03	   2.6800000e-04	  -1.6500000e+00	   2.4000000e+00	  -1.0352000e-02	  -5.6249000e-03	  -2.2045000e-04	  -1.5728000e+00	   2.3870000e+00	  -1.0704000e-02	  -5.6897000e-03	  -7.0890000e-04	  -1.4956000e+00	   2.3740000e+00	  -1.1056000e-02	  -5.7546000e-03	  -1.1973000e-03	  -1.4184000e+00	   2.3610000e+00	   4.2827000e+00	   2.5501000e+00	   2.0925000e-01	   3.8357000e+00	   2.3967000e+00	   2.1192000e-01	   3.3886000e+00	   2.2433000e+00	   2.1459000e-01	   2.9415000e+00	   2.0900000e+00	   2.1726000e-01	
   7.0000000e+00	  -1.0000000e-02	  -5.1200000e-03	   2.6800000e-04	  -1.6500000e+00	   2.4000000e+00	  -9.9391000e-03	  -5.2635000e-03	   3.7720000e-04	  -1.6507000e+00	   2.3962000e+00	  -9.8782000e-03	  -5.4069000e-03	   4.8640000e-04	  -1.6514000e+00	   2.3923000e+00	  -9.8173000e-03	  -5.5504000e-03	   5.9559000e-04	  -1.6522000e+00	   2.3885000e+00	   3.9305000e+00	   2.8592000e+00	   2.1557000e-01	   3.8642000e+00	   2.8830000e+00	   2.1155000e-01	   3.7978000e+00	   2.9069000e+00	   2.0753000e-01	   3.7315000e+00	   2.9308000e+00	   2.0351000e-01	
   8.0000000e+00	  -1.0000000e-02	  -5.1200000e-03	   2.6800000e-04	  -1.6500000e+00	   2.4000000e+00	  -9.7408000e-03	  -5.0490000e-03	   1.1760000e-04	  -1.5532000e+00	   2.4231000e+00	  -9.4817000e-03	  -4.9780000e-03	  -3.2791000e-05	  -1.4564000e+00	   2.4462000e+00	  -9.2225000e-03	  -4.9070000e-03	  -1.8319000e-04	  -1.3596000e+00	   2.4692000e+00	   3.8649000e+00	   2.8845000e+00	   2.2987000e-01	   3.6075000e+00	   3.1259000e+00	   1.9765000e-01	   3.3501000e+00	   3.3672000e+00	   1.6543000e-01	   3.0927000e+00	   3.6086000e+00	   1.3320000e-01	
   9.0000000e+00	  -1.0000000e-02	  -5.1200000e-03	   2.6800000e-04	  -1.6500000e+00	   2.4000000e+00	  -9.9021000e-03	  -5.0396000e-03	  -4.1025000e-05	  -1.5957000e+00	   2.3928000e+00	  -9.8042000e-03	  -4.9593000e-03	  -3.5005000e-04	  -1.5414000e+00	   2.3855000e+00	  -9.7063000e-03	  -4.8789000e-03	  -6.5908000e-04	  -1.4871000e+00	   2.3783000e+00	   3.7419000e+00	   2.7948000e+00	   2.2801000e-01	   3.3762000e+00	   2.7514000e+00	   2.2010000e-01	   3.0105000e+00	   2.7081000e+00	   2.1218000e-01	   2.6448000e+00	   2.6648000e+00	   2.0427000e-01	
   1.0000000e+01	  -1.0000000e-02	  -5.1200000e-03	   2.6800000e-04	  -1.6500000e+00	   2.4000000e+00	  -1.0343000e-02	  -5.4106000e-03	   3.1594000e-04	  -1.3950000e+00	   2.3587000e+00	  -1.0686000e-02	  -5.7011000e-03	   3.6388000e-04	  -1.1400000e+00	   2.3173000e+00	  -1.1029000e-02	  -5.9917000e-03	   4.1183000e-04	  -8.8493000e-01	   2.2760000e+00	   3.6718000e+00	   2.8928000e+00	   2.2714000e-01	   3.7848000e+00	   2.9432000e+00	   2.5143000e-01	   3.8978000e+00	   2.9936000e+00	   2.7571000e-01	   4.0108000e+00	   3.0440000e+00	   3.0000000e-01	
   1.1000000e+01	  -1.0000000e-02	  -5.1200000e-03	   2.6800000e-04	  -1.6500000e+00	   2.4000000e+00	  -1.0226000e-02	  -5.3023000e-03	   3.6179000e-04	  -1.5861000e+00	   2.3526000e+00	  -1.0452000e-02	  -5.4846000e-03	   4.5558000e-04	  -1.5222000e+00	   2.3052000e+00	  -1.0677000e-02	  -5.6669000e-03	   5.4938000e-04	  -1.4584000e+00	   2.2578000e+00	   3.5832000e+00	   2.9168000e+00	   2.2198000e-01	   3.5820000e+00	   3.1659000e+00	   2.1867000e-01	   3.5808000e+00	   3.4151000e+00	   2.1535000e-01	   3.5796000e+00	   3.6643000e+00	   2.1204000e-01	
   1.2000000e+01	  -1.0000000e-02	  -6.0000000e-03	   2.6800000e-04	  -1.6500000e+00	   2.4000000e+00	  -9.5299000e-03	  -5.7560000e-03	   7.0490000e-04	  -1.7340000e+00	   2.2462000e+00	  -9.0598000e-03	  -5.5120000e-03	   1.1418000e-03	  -1.8180000e+00	   2.0924000e+00	  -8.5897000e-03	  -5.2680000e-03	   1.5787000e-03	  -1.9020000e+00	   1.9387000e+00	   3.4686000e+00	   2.9119000e+00	   2.2145000e-01	   3.9777000e+00	   2.8650000e+00	   1.9528000e-01	   4.4868000e+00	   2.8180000e+00	   1.6911000e-01	   4.9959000e+00	   2.7710000e+00	   1.4294000e-01	
   1.3000000e+01	  -1.0000000e-02	  -6.0000000e-03	   2.6800000e-04	  -1.6500000e+00	   2.4000000e+00	  -9.8895000e-03	  -6.0137000e-03	   4.7649000e-04	  -1.7308000e+00	   2.3659000e+00	  -9.7790000e-03	  -6.0274000e-03	   6.8499000e-04	  -1.8117000e+00	   2.3319000e+00	  -9.6686000e-03	  -6.0411000e-03	   8.9348000e-04	  -1.8925000e+00	   2.2978000e+00	   3.2777000e+00	   2.9168000e+00	   2.1354000e-01	   2.7910000e+00	   2.9596000e+00	   1.9174000e-01	   2.3043000e+00	   3.0023000e+00	   1.6994000e-01	   1.8176000e+00	   3.0451000e+00	   1.4814000e-01	
   1.4000000e+01	  -1.0000000e-02	  -6.4500000e-03	   2.6800000e-04	  -1.6500000e+00	   2.4000000e+00	  -9.5061000e-03	  -6.2607000e-03	   2.1609000e-05	  -1.9006000e+00	   2.3921000e+00	  -9.0121000e-03	  -6.0713000e-03	  -2.2478000e-04	  -2.1513000e+00	   2.3843000e+00	  -8.5182000e-03	  -5.8820000e-03	  -4.7117000e-04	  -2.4019000e+00	   2.3764000e+00	   3.1201000e+00	   3.1389000e+00	   2.2694000e-01	   3.0555000e+00	   3.0418000e+00	   2.0318000e-01	   2.9909000e+00	   2.9447000e+00	   1.7943000e-01	   2.9263000e+00	   2.8477000e+00	   1.5568000e-01	
   1.5000000e+01	  -1.0000000e-02	  -6.0000000e-03	   2.6800000e-04	  -1.6200000e+00	   2.4000000e+00	  -9.8522000e-03	  -6.1540000e-03	   4.3850000e-04	  -1.7872000e+00	   2.4177000e+00	  -9.7044000e-03	  -6.3080000e-03	   6.0899000e-04	  -1.9544000e+00	   2.4354000e+00	  -9.5567000e-03	  -6.4620000e-03	   7.7949000e-04	  -2.1216000e+00	   2.4531000e+00	   2.9211000e+00	   3.0321000e+00	   2.2017000e-01	   2.9007000e+00	   3.0691000e+00	   2.4330000e-01	   2.8803000e+00	   3.1062000e+00	   2.6642000e-01	   2.8599000e+00	   3.1433000e+00	   2.8955000e-01	
   1.6000000e+01	  -1.0000000e-02	  -6.0000000e-03	   2.6800000e-04	  -1.5700000e+00	   2.4000000e+00	  -9.9232000e-03	  -6.1494000e-03	   7.9039000e-05	  -1.6122000e+00	   2.3826000e+00	  -9.8463000e-03	  -6.2988000e-03	  -1.0992000e-04	  -1.6544000e+00	   2.3652000e+00	  -9.7695000e-03	  -6.4483000e-03	  -2.9888000e-04	  -1.6966000e+00	   2.3477000e+00	   2.8234000e+00	   3.1692000e+00	   2.3392000e-01	   2.8239000e+00	   3.2094000e+00	   2.4222000e-01	   2.8245000e+00	   3.2495000e+00	   2.5052000e-01	   2.8250000e+00	   3.2897000e+00	   2.5882000e-01	
   1.7000000e+01	  -8.1100000e-03	  -6.0000000e-03	   2.6800000e-04	  -1.5200000e+00	   2.4000000e+00	  -8.0051000e-03	  -6.0785000e-03	   1.3751000e-04	  -1.6308000e+00	   2.2910000e+00	  -7.9002000e-03	  -6.1570000e-03	   7.0187000e-06	  -1.7416000e+00	   2.1820000e+00	  -7.7954000e-03	  -6.2355000e-03	  -1.2347000e-04	  -1.8523000e+00	   2.0730000e+00	   2.7371000e+00	   3.0404000e+00	   2.1953000e-01	   2.8835000e+00	   2.9277000e+00	   2.2945000e-01	   3.0300000e+00	   2.8150000e+00	   2.3938000e-01	   3.1764000e+00	   2.7023000e+00	   2.4930000e-01	
   1.8000000e+01	  -8.1100000e-03	  -6.0000000e-03	   2.6800000e-04	  -1.4600000e+00	   2.4000000e+00	  -7.5022000e-03	  -5.8381000e-03	   3.6007000e-04	  -1.3992000e+00	   2.3374000e+00	  -6.8943000e-03	  -5.6763000e-03	   4.5214000e-04	  -1.3384000e+00	   2.2747000e+00	  -6.2865000e-03	  -5.5144000e-03	   5.4421000e-04	  -1.2777000e+00	   2.2121000e+00	   2.4015000e+00	   3.0114000e+00	   2.2374000e-01	   2.4428000e+00	   2.8489000e+00	   2.4844000e-01	   2.4840000e+00	   2.6864000e+00	   2.7315000e-01	   2.5253000e+00	   2.5239000e+00	   2.9785000e-01	
   1.9000000e+01	  -9.0500000e-03	  -6.0000000e-03	   2.6800000e-04	  -1.5200000e+00	   2.4000000e+00	  -9.2082000e-03	  -6.3851000e-03	   1.4122000e-04	  -1.7152000e+00	   2.4338000e+00	  -9.3664000e-03	  -6.7702000e-03	   1.4437000e-05	  -1.9105000e+00	   2.4677000e+00	  -9.5246000e-03	  -7.1553000e-03	  -1.1234000e-04	  -2.1057000e+00	   2.5015000e+00	   1.9171000e+00	   3.0979000e+00	   2.2805000e-01	   1.6696000e+00	   3.0350000e+00	   2.0325000e-01	   1.4221000e+00	   2.9721000e+00	   1.7845000e-01	   1.1747000e+00	   2.9093000e+00	   1.5366000e-01	
   2.0000000e+01	  -1.0000000e-02	  -5.5600000e-03	  -2.4300000e-04	  -1.6300000e+00	   2.4000000e+00	  -1.0148000e-02	  -5.5019000e-03	  -3.1451000e-04	  -1.7103000e+00	   2.4791000e+00	  -1.0296000e-02	  -5.4439000e-03	  -3.8603000e-04	  -1.7907000e+00	   2.5581000e+00	  -1.0444000e-02	  -5.3858000e-03	  -4.5754000e-04	  -1.8710000e+00	   2.6372000e+00	   1.8330000e+00	   3.0971000e+00	   2.4962000e-01	   1.4907000e+00	   3.2552000e+00	   2.6208000e-01	   1.1483000e+00	   3.4133000e+00	   2.7454000e-01	   8.0603000e-01	   3.5714000e+00	   2.8700000e-01	
   2.1000000e+01	  -1.0000000e-02	  -6.0000000e-03	  -1.2700000e-03	  -1.4400000e+00	   2.4000000e+00	  -9.8463000e-03	  -6.0890000e-03	  -1.3097000e-03	  -1.3828000e+00	   2.4415000e+00	  -9.6926000e-03	  -6.1781000e-03	  -1.3493000e-03	  -1.3257000e+00	   2.4830000e+00	  -9.5389000e-03	  -6.2671000e-03	  -1.3890000e-03	  -1.2685000e+00	   2.5245000e+00	   2.1251000e+00	   3.1977000e+00	   2.4977000e-01	   1.6897000e+00	   3.3249000e+00	   2.6690000e-01	   1.2543000e+00	   3.4521000e+00	   2.8402000e-01	   8.1887000e-01	   3.5794000e+00	   3.0115000e-01	
   2.2000000e+01	  -1.0000000e-02	  -6.0000000e-03	  -1.2700000e-03	  -1.1800000e+00	   2.4000000e+00	  -1.0067000e-02	  -5.9522000e-03	  -1.3481000e-03	  -1.2677000e+00	   2.3334000e+00	  -1.0133000e-02	  -5.9044000e-03	  -1.4262000e-03	  -1.3553000e+00	   2.2668000e+00	  -1.0200000e-02	  -5.8566000e-03	  -1.5042000e-03	  -1.4430000e+00	   2.2002000e+00	   2.5680000e+00	   3.1039000e+00	   2.0153000e-01	   2.7658000e+00	   3.2104000e+00	   2.1181000e-01	   2.9637000e+00	   3.3170000e+00	   2.2209000e-01	   3.1616000e+00	   3.4235000e+00	   2.3238000e-01	
   2.3000000e+01	  -9.0500000e-03	  -6.0000000e-03	  -1.7900000e-03	  -1.1500000e+00	   2.4000000e+00	  -8.6590000e-03	  -6.3741000e-03	  -1.9132000e-03	  -9.7930000e-01	   2.4331000e+00	  -8.2680000e-03	  -6.7481000e-03	  -2.0363000e-03	  -8.0860000e-01	   2.4663000e+00	  -7.8770000e-03	  -7.1222000e-03	  -2.1595000e-03	  -6.3791000e-01	   2.4994000e+00	   2.4974000e+00	   2.9468000e+00	   2.0352000e-01	   2.5168000e+00	   2.9517000e+00	   1.9437000e-01	   2.5362000e+00	   2.9566000e+00	   1.8523000e-01	   2.5556000e+00	   2.9615000e+00	   1.7608000e-01	
   2.4000000e+01	  -9.0500000e-03	  -6.0000000e-03	  -1.2700000e-03	  -1.1500000e+00	   2.6000000e+00	  -8.6286000e-03	  -5.8584000e-03	  -1.4010000e-03	  -1.1445000e+00	   2.5858000e+00	  -8.2071000e-03	  -5.7169000e-03	  -1.5320000e-03	  -1.1390000e+00	   2.5716000e+00	  -7.7857000e-03	  -5.5753000e-03	  -1.6630000e-03	  -1.1334000e+00	   2.5574000e+00	   2.3983000e+00	   2.9211000e+00	   2.1952000e-01	   2.1591000e+00	   2.8560000e+00	   1.5850000e-01	   1.9198000e+00	   2.7910000e+00	   9.7481000e-02	   1.6806000e+00	   2.7259000e+00	   3.6460000e-02	
   2.5000000e+01	  -8.5800000e-03	  -6.0000000e-03	  -1.2700000e-03	  -1.1500000e+00	   2.6000000e+00	  -7.6085000e-03	  -5.7387000e-03	  -1.0738000e-03	  -1.1560000e+00	   2.6925000e+00	  -6.6370000e-03	  -5.4773000e-03	  -8.7769000e-04	  -1.1621000e+00	   2.7851000e+00	  -5.6656000e-03	  -5.2160000e-03	  -6.8154000e-04	  -1.1681000e+00	   2.8777000e+00	   2.4584000e+00	   3.0076000e+00	   2.3435000e-01	   2.3804000e+00	   2.9055000e+00	   2.2395000e-01	   2.3025000e+00	   2.8034000e+00	   2.1355000e-01	   2.2245000e+00	   2.7014000e+00	   2.0316000e-01	
   2.6000000e+01	  -8.5800000e-03	  -5.1200000e-03	  -2.3100000e-03	  -1.1500000e+00	   2.6000000e+00	  -8.8066000e-03	  -4.9604000e-03	  -2.4671000e-03	  -1.1722000e+00	   2.5120000e+00	  -9.0333000e-03	  -4.8009000e-03	  -2.6241000e-03	  -1.1945000e+00	   2.4241000e+00	  -9.2599000e-03	  -4.6413000e-03	  -2.7812000e-03	  -1.2167000e+00	   2.3361000e+00	   2.9602000e+00	   3.2325000e+00	   2.4830000e-01	   3.5250000e+00	   3.2084000e+00	   2.8408000e-01	   4.0897000e+00	   3.1843000e+00	   3.1987000e-01	   4.6545000e+00	   3.1603000e+00	   3.5565000e-01	
   2.7000000e+01	  -8.1100000e-03	  -6.0000000e-03	  -2.3100000e-03	  -8.8700000e-01	   2.6000000e+00	  -8.2088000e-03	  -5.9378000e-03	  -2.3603000e-03	  -1.0401000e+00	   2.6296000e+00	  -8.3076000e-03	  -5.8756000e-03	  -2.4107000e-03	  -1.1932000e+00	   2.6591000e+00	  -8.4064000e-03	  -5.8135000e-03	  -2.4610000e-03	  -1.3462000e+00	   2.6887000e+00	   3.2147000e+00	   3.2550000e+00	   2.5772000e-01	   3.0144000e+00	   3.2143000e+00	   2.7936000e-01	   2.8142000e+00	   3.1737000e+00	   3.0100000e-01	   2.6139000e+00	   3.1331000e+00	   3.2265000e-01	
   2.8000000e+01	  -8.1100000e-03	  -6.0000000e-03	  -2.8300000e-03	  -6.2800000e-01	   2.6000000e+00	  -8.0506000e-03	  -6.0363000e-03	  -2.8737000e-03	  -6.1147000e-01	   2.4941000e+00	  -7.9912000e-03	  -6.0726000e-03	  -2.9174000e-03	  -5.9494000e-01	   2.3883000e+00	  -7.9318000e-03	  -6.1088000e-03	  -2.9612000e-03	  -5.7841000e-01	   2.2824000e+00	   3.5592000e+00	   2.8417000e+00	   2.2996000e-01	   3.6252000e+00	   2.8285000e+00	   2.3100000e-01	   3.6913000e+00	   2.8153000e+00	   2.3204000e-01	   3.7574000e+00	   2.8022000e+00	   2.3308000e-01	
   2.9000000e+01	  -8.1100000e-03	  -6.0000000e-03	  -2.3100000e-03	  -3.6800000e-01	   2.6000000e+00	  -7.4390000e-03	  -5.7691000e-03	  -2.4230000e-03	  -1.2502000e-01	   2.5263000e+00	  -6.7680000e-03	  -5.5383000e-03	  -2.5361000e-03	   1.1796000e-01	   2.4527000e+00	  -6.0970000e-03	  -5.3074000e-03	  -2.6491000e-03	   3.6094000e-01	   2.3790000e+00	   3.8800000e+00	   3.3347000e+00	   2.7369000e-01	   4.2093000e+00	   3.4414000e+00	   2.5885000e-01	   4.5386000e+00	   3.5481000e+00	   2.4401000e-01	   4.8679000e+00	   3.6549000e+00	   2.2917000e-01	
   3.0000000e+01	  -8.1100000e-03	  -6.8900000e-03	  -1.7900000e-03	  -1.5000000e-01	   2.6000000e+00	  -8.1427000e-03	  -6.9830000e-03	  -1.6257000e-03	  -2.3537000e-01	   2.5974000e+00	  -8.1754000e-03	  -7.0761000e-03	  -1.4614000e-03	  -3.2074000e-01	   2.5947000e+00	  -8.2080000e-03	  -7.1691000e-03	  -1.2970000e-03	  -4.0611000e-01	   2.5921000e+00	   4.1670000e+00	   2.9729000e+00	   2.8215000e-01	   5.0902000e+00	   3.2445000e+00	   2.9861000e-01	   6.0134000e+00	   3.5161000e+00	   3.1507000e-01	   6.9366000e+00	   3.7876000e+00	   3.3153000e-01	
   3.1000000e+01	  -8.1100000e-03	  -6.8900000e-03	  -1.7900000e-03	  -1.5000000e-01	   2.6000000e+00	  -7.7217000e-03	  -7.3738000e-03	  -1.4332000e-03	  -1.3246000e-01	   2.5818000e+00	  -7.3333000e-03	  -7.8577000e-03	  -1.0764000e-03	  -1.1493000e-01	   2.5636000e+00	  -6.9450000e-03	  -8.3415000e-03	  -7.1955000e-04	  -9.7388000e-02	   2.5454000e+00	   4.3459000e+00	   2.9723000e+00	   3.3015000e-01	   4.2200000e+00	   2.8469000e+00	   3.3739000e-01	   4.0941000e+00	   2.7214000e+00	   3.4464000e-01	   3.9682000e+00	   2.5960000e+00	   3.5188000e-01	
   3.2000000e+01	  -8.5800000e-03	  -6.8900000e-03	  -1.7900000e-03	  -1.5000000e-01	   2.5000000e+00	  -8.9395000e-03	  -7.0709000e-03	  -1.6212000e-03	   2.7393000e-02	   2.5422000e+00	  -9.2990000e-03	  -7.2519000e-03	  -1.4524000e-03	   2.0479000e-01	   2.5844000e+00	  -9.6585000e-03	  -7.4328000e-03	  -1.2835000e-03	   3.8218000e-01	   2.6265000e+00	   4.2638000e+00	   3.0142000e+00	   3.7856000e-01	   4.4925000e+00	   3.1608000e+00	   3.7870000e-01	   4.7212000e+00	   3.3073000e+00	   3.7885000e-01	   4.9499000e+00	   3.4539000e+00	   3.7900000e-01	
   3.3000000e+01	  -9.6500000e-03	  -8.0300000e-03	  -2.7700000e-03	  -1.5000000e-01	   2.5000000e+00	  -1.0124000e-02	  -8.1392000e-03	  -2.7701000e-03	  -1.5904000e-01	   2.4351000e+00	  -1.0598000e-02	  -8.2483000e-03	  -2.7701000e-03	  -1.6808000e-01	   2.3702000e+00	  -1.1071000e-02	  -8.3575000e-03	  -2.7702000e-03	  -1.7712000e-01	   2.3052000e+00	   4.2233000e+00	   2.6614000e+00	   4.0165000e-01	   3.8132000e+00	   2.7557000e+00	   4.0762000e-01	   3.4030000e+00	   2.8499000e+00	   4.1359000e-01	   2.9929000e+00	   2.9441000e+00	   4.1956000e-01	
   3.4000000e+01	  -9.6500000e-03	  -7.5900000e-03	  -2.7700000e-03	  -7.0400000e-02	   2.4000000e+00	  -9.8886000e-03	  -7.5130000e-03	  -2.6090000e-03	  -3.5762000e-02	   2.5028000e+00	  -1.0127000e-02	  -7.4361000e-03	  -2.4481000e-03	  -1.1244000e-03	   2.6056000e+00	  -1.0366000e-02	  -7.3591000e-03	  -2.2871000e-03	   3.3513000e-02	   2.7084000e+00	   4.2274000e+00	   2.6252000e+00	   4.2001000e-01	   3.6293000e+00	   2.6520000e+00	   4.4817000e-01	   3.0312000e+00	   2.6788000e+00	   4.7633000e-01	   2.4331000e+00	   2.7056000e+00	   5.0449000e-01	
   3.5000000e+01	  -9.6500000e-03	  -7.5900000e-03	  -2.7700000e-03	   1.8900000e-01	   2.4000000e+00	  -9.1538000e-03	  -7.8698000e-03	  -2.6721000e-03	  -1.0486000e-01	   2.3035000e+00	  -8.6576000e-03	  -8.1497000e-03	  -2.5742000e-03	  -3.9873000e-01	   2.2070000e+00	  -8.1613000e-03	  -8.4295000e-03	  -2.4763000e-03	  -6.9259000e-01	   2.1105000e+00	   4.3601000e+00	   2.5025000e+00	   4.3395000e-01	   4.4036000e+00	   2.4557000e+00	   4.2552000e-01	   4.4471000e+00	   2.4088000e+00	   4.1708000e-01	   4.4906000e+00	   2.3620000e+00	   4.0865000e-01	
   3.6000000e+01	  -8.5800000e-03	  -6.4500000e-03	  -1.7900000e-03	   3.5000000e-01	   2.4000000e+00	  -8.0422000e-03	  -6.3899000e-03	  -2.0811000e-03	   3.8924000e-01	   2.3906000e+00	  -7.5044000e-03	  -6.3297000e-03	  -2.3722000e-03	   4.2848000e-01	   2.3812000e+00	  -6.9666000e-03	  -6.2696000e-03	  -2.6633000e-03	   4.6772000e-01	   2.3718000e+00	   4.5674000e+00	   2.4155000e+00	   4.3055000e-01	   4.6759000e+00	   2.4793000e+00	   4.4529000e-01	   4.7844000e+00	   2.5430000e+00	   4.6003000e-01	   4.8930000e+00	   2.6067000e+00	   4.7477000e-01	
   3.7000000e+01	  -1.0000000e-02	  -6.4500000e-03	  -1.7900000e-03	   3.5000000e-01	   2.4000000e+00	  -9.1584000e-03	  -6.5983000e-03	  -1.8317000e-03	   4.3041000e-01	   2.3783000e+00	  -8.3168000e-03	  -6.7465000e-03	  -1.8734000e-03	   5.1082000e-01	   2.3567000e+00	  -7.4752000e-03	  -6.8948000e-03	  -1.9150000e-03	   5.9123000e-01	   2.3350000e+00	   4.4076000e+00	   2.1410000e+00	   4.6492000e-01	   4.3382000e+00	   2.2809000e+00	   4.4467000e-01	   4.2689000e+00	   2.4208000e+00	   4.2441000e-01	   4.1995000e+00	   2.5608000e+00	   4.0416000e-01	
   3.8000000e+01	  -1.0000000e-02	  -6.4500000e-03	  -1.7900000e-03	   3.5000000e-01	   2.4000000e+00	  -1.0043000e-02	  -6.5086000e-03	  -1.5879000e-03	   4.9797000e-01	   2.4900000e+00	  -1.0085000e-02	  -6.5672000e-03	  -1.3858000e-03	   6.4594000e-01	   2.5801000e+00	  -1.0128000e-02	  -6.6259000e-03	  -1.1837000e-03	   7.9392000e-01	   2.6701000e+00	   4.2593000e+00	   1.9789000e+00	   4.8322000e-01	   4.0249000e+00	   2.0979000e+00	   4.9566000e-01	   3.7906000e+00	   2.2168000e+00	   5.0809000e-01	   3.5562000e+00	   2.3358000e+00	   5.2053000e-01	
   3.9000000e+01	  -1.0000000e-02	  -6.4500000e-03	  -1.7900000e-03	   3.5000000e-01	   2.4000000e+00	  -1.0066000e-02	  -6.5764000e-03	  -1.4095000e-03	   3.4152000e-01	   2.4294000e+00	  -1.0132000e-02	  -6.7027000e-03	  -1.0291000e-03	   3.3304000e-01	   2.4588000e+00	  -1.0197000e-02	  -6.8291000e-03	  -6.4861000e-04	   3.2456000e-01	   2.4882000e+00	   4.3621000e+00	   1.8267000e+00	   4.9650000e-01	   4.9541000e+00	   1.7993000e+00	   5.2035000e-01	   5.5461000e+00	   1.7719000e+00	   5.4421000e-01	   6.1381000e+00	   1.7444000e+00	   5.6807000e-01	
   4.0000000e+01	  -1.0000000e-02	  -6.4500000e-03	  -2.3100000e-03	   3.5000000e-01	   2.4000000e+00	  -9.6045000e-03	  -6.1103000e-03	  -2.1029000e-03	   2.9386000e-01	   2.4111000e+00	  -9.2090000e-03	  -5.7705000e-03	  -1.8957000e-03	   2.3773000e-01	   2.4222000e+00	  -8.8134000e-03	  -5.4308000e-03	  -1.6886000e-03	   1.8159000e-01	   2.4333000e+00	   4.1125000e+00	   1.6935000e+00	   5.0336000e-01	   4.2310000e+00	   1.8415000e+00	   4.8853000e-01	   4.3495000e+00	   1.9895000e+00	   4.7371000e-01	   4.4681000e+00	   2.1374000e+00	   4.5888000e-01	
   4.1000000e+01	  -1.0000000e-02	  -6.4500000e-03	  -2.3100000e-03	   3.5000000e-01	   2.4000000e+00	  -1.0372000e-02	  -6.2627000e-03	  -2.0434000e-03	   3.5428000e-01	   2.4804000e+00	  -1.0744000e-02	  -6.0754000e-03	  -1.7769000e-03	   3.5857000e-01	   2.5609000e+00	  -1.1116000e-02	  -5.8881000e-03	  -1.5103000e-03	   3.6285000e-01	   2.6413000e+00	   3.8938000e+00	   1.5852000e+00	   5.1278000e-01	   3.3947000e+00	   1.4672000e+00	   5.2729000e-01	   2.8955000e+00	   1.3491000e+00	   5.4180000e-01	   2.3964000e+00	   1.2310000e+00	   5.5631000e-01	
   4.2000000e+01	  -1.0000000e-02	  -6.0000000e-03	  -2.3100000e-03	   3.5000000e-01	   2.4000000e+00	  -9.9960000e-03	  -6.1879000e-03	  -2.4667000e-03	   1.2606000e-01	   2.3168000e+00	  -9.9920000e-03	  -6.3758000e-03	  -2.6233000e-03	  -9.7888000e-02	   2.2335000e+00	  -9.9880000e-03	  -6.5638000e-03	  -2.7800000e-03	  -3.2183000e-01	   2.1503000e+00	   3.6691000e+00	   1.4379000e+00	   5.2045000e-01	   3.8958000e+00	   1.5013000e+00	   5.0036000e-01	   4.1224000e+00	   1.5646000e+00	   4.8028000e-01	   4.3491000e+00	   1.6279000e+00	   4.6019000e-01	
   4.3000000e+01	  -1.0000000e-02	  -6.0000000e-03	  -2.3100000e-03	   3.5000000e-01	   2.4000000e+00	  -1.0595000e-02	  -6.3297000e-03	  -2.5344000e-03	   4.0221000e-01	   2.3467000e+00	  -1.1191000e-02	  -6.6593000e-03	  -2.7589000e-03	   4.5441000e-01	   2.2933000e+00	  -1.1786000e-02	  -6.9890000e-03	  -2.9833000e-03	   5.0662000e-01	   2.2400000e+00	   3.7127000e+00	   1.5561000e+00	   5.3106000e-01	   3.5787000e+00	   1.6848000e+00	   5.0909000e-01	   3.4447000e+00	   1.8135000e+00	   4.8712000e-01	   3.3108000e+00	   1.9422000e+00	   4.6515000e-01	
   4.4000000e+01	  -1.0000000e-02	  -6.0000000e-03	  -2.3100000e-03	   3.5000000e-01	   2.1000000e+00	  -1.0338000e-02	  -6.4737000e-03	  -2.3443000e-03	   1.7640000e-01	   2.1879000e+00	  -1.0676000e-02	  -6.9474000e-03	  -2.3786000e-03	   2.7961000e-03	   2.2758000e+00	  -1.1014000e-02	  -7.4211000e-03	  -2.4129000e-03	  -1.7081000e-01	   2.3637000e+00	   3.7210000e+00	   1.4436000e+00	   5.2377000e-01	   3.4517000e+00	   1.5863000e+00	   5.4994000e-01	   3.1825000e+00	   1.7289000e+00	   5.7612000e-01	   2.9132000e+00	   1.8716000e+00	   6.0229000e-01	
   4.5000000e+01	  -1.0000000e-02	  -5.1200000e-03	  -2.3100000e-03	   3.5000000e-01	   2.1000000e+00	  -9.1162000e-03	  -5.1785000e-03	  -2.5742000e-03	   4.4838000e-01	   2.2133000e+00	  -8.2324000e-03	  -5.2370000e-03	  -2.8384000e-03	   5.4677000e-01	   2.3266000e+00	  -7.3485000e-03	  -5.2955000e-03	  -3.1026000e-03	   6.4515000e-01	   2.4399000e+00	   3.6121000e+00	   1.3327000e+00	   5.1678000e-01	   3.7988000e+00	   1.3633000e+00	   5.2099000e-01	   3.9854000e+00	   1.3938000e+00	   5.2520000e-01	   4.1720000e+00	   1.4244000e+00	   5.2941000e-01	
   4.6000000e+01	  -1.0000000e-02	  -4.2500000e-03	  -2.3100000e-03	   4.2800000e-01	   2.3000000e+00	  -9.9128000e-03	  -4.6077000e-03	  -2.3865000e-03	   4.7687000e-01	   2.2639000e+00	  -9.8255000e-03	  -4.9654000e-03	  -2.4630000e-03	   5.2575000e-01	   2.2279000e+00	  -9.7383000e-03	  -5.3231000e-03	  -2.5396000e-03	   5.7462000e-01	   2.1918000e+00	   3.5506000e+00	   1.4555000e+00	   5.1401000e-01	   3.8341000e+00	   1.5845000e+00	   5.4213000e-01	   4.1176000e+00	   1.7134000e+00	   5.7025000e-01	   4.4012000e+00	   1.8424000e+00	   5.9837000e-01	
   4.7000000e+01	  -1.1100000e-02	  -5.4100000e-03	  -3.2800000e-03	   5.3100000e-01	   2.3000000e+00	  -1.1184000e-02	  -5.2773000e-03	  -3.2039000e-03	   6.7296000e-01	   2.3756000e+00	  -1.1269000e-02	  -5.1446000e-03	  -3.1278000e-03	   8.1491000e-01	   2.4513000e+00	  -1.1353000e-02	  -5.0120000e-03	  -3.0517000e-03	   9.5687000e-01	   2.5269000e+00	   3.7515000e+00	   1.2509000e+00	   5.0022000e-01	   3.4523000e+00	   1.1759000e+00	   5.0153000e-01	   3.1530000e+00	   1.1008000e+00	   5.0283000e-01	   2.8537000e+00	   1.0258000e+00	   5.0414000e-01	
   4.8000000e+01	  -1.1100000e-02	  -5.4100000e-03	  -3.2800000e-03	   5.0700000e-01	   2.3000000e+00	  -1.1054000e-02	  -5.6937000e-03	  -3.4035000e-03	   5.8294000e-01	   2.2511000e+00	  -1.1008000e-02	  -5.9774000e-03	  -3.5271000e-03	   6.5889000e-01	   2.2023000e+00	  -1.0962000e-02	  -6.2611000e-03	  -3.6506000e-03	   7.3483000e-01	   2.1534000e+00	   3.8709000e+00	   1.0362000e+00	   4.8338000e-01	   3.2612000e+00	   1.0739000e+00	   5.0523000e-01	   2.6515000e+00	   1.1117000e+00	   5.2708000e-01	   2.0417000e+00	   1.1495000e+00	   5.4893000e-01	
   4.9000000e+01	  -1.1100000e-02	  -5.4100000e-03	  -3.2800000e-03	   4.5600000e-01	   2.3000000e+00	  -1.1497000e-02	  -5.1569000e-03	  -3.4607000e-03	   2.9412000e-01	   2.2936000e+00	  -1.1895000e-02	  -4.9038000e-03	  -3.6414000e-03	   1.3224000e-01	   2.2873000e+00	  -1.2292000e-02	  -4.6507000e-03	  -3.8221000e-03	  -2.9646000e-02	   2.2809000e+00	   3.8853000e+00	   1.0947000e+00	   5.0229000e-01	   4.8932000e+00	   9.4335000e-01	   4.6273000e-01	   5.9011000e+00	   7.9198000e-01	   4.2317000e-01	   6.9091000e+00	   6.4061000e-01	   3.8361000e-01	
   5.0000000e+01	  -1.1100000e-02	  -5.4100000e-03	  -3.2800000e-03	   4.0400000e-01	   2.3000000e+00	  -1.1277000e-02	  -5.3226000e-03	  -3.4023000e-03	   1.3293000e-01	   2.2731000e+00	  -1.1453000e-02	  -5.2353000e-03	  -3.5246000e-03	  -1.3815000e-01	   2.2462000e+00	  -1.1630000e-02	  -5.1479000e-03	  -3.6469000e-03	  -4.0922000e-01	   2.2193000e+00	   4.1241000e+00	   1.1992000e+00	   4.9448000e-01	   3.6120000e+00	   1.0315000e+00	   4.9565000e-01	   3.0999000e+00	   8.6387000e-01	   4.9681000e-01	   2.5878000e+00	   6.9623000e-01	   4.9798000e-01	
   5.1000000e+01	  -1.1100000e-02	  -5.4100000e-03	  -3.2800000e-03	   3.5200000e-01	   2.3000000e+00	  -1.1076000e-02	  -5.2356000e-03	  -3.2745000e-03	   3.1088000e-01	   2.2498000e+00	  -1.1053000e-02	  -5.0612000e-03	  -3.2690000e-03	   2.6976000e-01	   2.1997000e+00	  -1.1029000e-02	  -4.8868000e-03	  -3.2634000e-03	   2.2864000e-01	   2.1495000e+00	   4.3256000e+00	   1.2249000e+00	   4.9497000e-01	   3.9603000e+00	   1.2003000e+00	   4.5106000e-01	   3.5951000e+00	   1.1756000e+00	   4.0715000e-01	   3.2298000e+00	   1.1509000e+00	   3.6324000e-01	
   5.2000000e+01	  -1.0000000e-02	  -4.2500000e-03	  -2.3100000e-03	   6.0100000e-01	   2.6000000e+00	  -1.0006000e-02	  -4.1881000e-03	  -2.2591000e-03	   6.5090000e-01	   2.5526000e+00	  -1.0013000e-02	  -4.1262000e-03	  -2.2082000e-03	   7.0081000e-01	   2.5052000e+00	  -1.0019000e-02	  -4.0643000e-03	  -2.1574000e-03	   7.5071000e-01	   2.4577000e+00	   4.5222000e+00	   1.2398000e+00	   4.8997000e-01	   4.5550000e+00	   1.3251000e+00	   4.6866000e-01	   4.5879000e+00	   1.4105000e+00	   4.4735000e-01	   4.6207000e+00	   1.4958000e+00	   4.2603000e-01	
   5.3000000e+01	  -1.0000000e-02	  -4.2500000e-03	  -2.3100000e-03	   8.4400000e-01	   2.6000000e+00	  -1.0265000e-02	  -4.2771000e-03	  -2.4365000e-03	   9.3605000e-01	   2.5978000e+00	  -1.0530000e-02	  -4.3042000e-03	  -2.5631000e-03	   1.0281000e+00	   2.5956000e+00	  -1.0796000e-02	  -4.3313000e-03	  -2.6896000e-03	   1.1201000e+00	   2.5935000e+00	   5.0915000e+00	   1.5027000e+00	   4.8995000e-01	   4.9057000e+00	   1.4904000e+00	   5.0521000e-01	   4.7198000e+00	   1.4780000e+00	   5.2047000e-01	   4.5340000e+00	   1.4657000e+00	   5.3573000e-01	
   5.4000000e+01	  -1.0000000e-02	  -4.2500000e-03	  -2.3100000e-03	   6.8800000e-01	   2.6000000e+00	  -1.0541000e-02	  -4.1291000e-03	  -2.3793000e-03	   5.3358000e-01	   2.5838000e+00	  -1.1082000e-02	  -4.0082000e-03	  -2.4487000e-03	   3.7915000e-01	   2.5677000e+00	  -1.1622000e-02	  -3.8873000e-03	  -2.5180000e-03	   2.2473000e-01	   2.5515000e+00	   5.1666000e+00	   1.2251000e+00	   4.9675000e-01	   4.8848000e+00	   1.1240000e+00	   4.8779000e-01	   4.6030000e+00	   1.0228000e+00	   4.7884000e-01	   4.3212000e+00	   9.2169000e-01	   4.6988000e-01	
   5.5000000e+01	  -1.0000000e-02	  -4.2500000e-03	  -2.3100000e-03	   5.6800000e-01	   2.6000000e+00	  -9.7209000e-03	  -4.1387000e-03	  -2.3658000e-03	   4.0744000e-01	   2.5677000e+00	  -9.4418000e-03	  -4.0274000e-03	  -2.4216000e-03	   2.4688000e-01	   2.5354000e+00	  -9.1626000e-03	  -3.9161000e-03	  -2.4775000e-03	   8.6327000e-02	   2.5031000e+00	   4.6330000e+00	   9.2173000e-01	   5.5243000e-01	   4.1453000e+00	   7.8860000e-01	   5.8678000e-01	   3.6576000e+00	   6.5547000e-01	   6.2113000e-01	   3.1699000e+00	   5.2234000e-01	   6.5548000e-01	
   5.6000000e+01	  -1.0000000e-02	  -4.2500000e-03	  -2.3100000e-03	   7.2300000e-01	   2.6000000e+00	  -9.6932000e-03	  -4.0361000e-03	  -2.1351000e-03	   8.5126000e-01	   2.7101000e+00	  -9.3864000e-03	  -3.8222000e-03	  -1.9602000e-03	   9.7952000e-01	   2.8202000e+00	  -9.0795000e-03	  -3.6083000e-03	  -1.7853000e-03	   1.1078000e+00	   2.9303000e+00	   4.8066000e+00	   1.1830000e+00	   5.5713000e-01	   4.7035000e+00	   1.2804000e+00	   5.2836000e-01	   4.6003000e+00	   1.3778000e+00	   4.9960000e-01	   4.4971000e+00	   1.4753000e+00	   4.7083000e-01	
   5.7000000e+01	  -1.0000000e-02	  -4.2500000e-03	  -2.3100000e-03	   8.5000000e-01	   2.6000000e+00	  -9.8895000e-03	  -4.3482000e-03	  -2.3057000e-03	   9.2029000e-01	   2.6024000e+00	  -9.7790000e-03	  -4.4464000e-03	  -2.3014000e-03	   9.9058000e-01	   2.6049000e+00	  -9.6685000e-03	  -4.5447000e-03	  -2.2971000e-03	   1.0609000e+00	   2.6073000e+00	   5.1334000e+00	   1.3633000e+00	   5.5113000e-01	   4.9256000e+00	   1.5451000e+00	   5.4452000e-01	   4.7177000e+00	   1.7268000e+00	   5.3791000e-01	   4.5098000e+00	   1.9086000e+00	   5.3130000e-01	
   5.8000000e+01	  -9.0500000e-03	  -4.2500000e-03	  -2.3100000e-03	   8.5000000e-01	   2.6000000e+00	  -9.3278000e-03	  -4.4650000e-03	  -2.3396000e-03	   8.5262000e-01	   2.5147000e+00	  -9.6056000e-03	  -4.6799000e-03	  -2.3692000e-03	   8.5525000e-01	   2.4295000e+00	  -9.8834000e-03	  -4.8949000e-03	  -2.3988000e-03	   8.5787000e-01	   2.3442000e+00	   4.9281000e+00	   1.0744000e+00	   5.7165000e-01	   5.0939000e+00	   9.8999000e-01	   6.1887000e-01	   5.2596000e+00	   9.0558000e-01	   6.6609000e-01	   5.4254000e+00	   8.2117000e-01	   7.1331000e-01	
   5.9000000e+01	  -9.0500000e-03	  -4.2500000e-03	  -2.3100000e-03	   9.1700000e-01	   2.6000000e+00	  -9.2312000e-03	  -4.0758000e-03	  -2.4082000e-03	   9.2710000e-01	   2.4798000e+00	  -9.4123000e-03	  -3.9015000e-03	  -2.5064000e-03	   9.3721000e-01	   2.3596000e+00	  -9.5935000e-03	  -3.7273000e-03	  -2.6046000e-03	   9.4731000e-01	   2.2394000e+00	   4.6115000e+00	   9.4964000e-01	   5.9635000e-01	   4.0455000e+00	   8.9232000e-01	   6.1282000e-01	   3.4794000e+00	   8.3500000e-01	   6.2929000e-01	   2.9134000e+00	   7.7767000e-01	   6.4575000e-01	
   6.0000000e+01	  -8.1100000e-03	  -4.2500000e-03	  -2.3100000e-03	   1.1800000e+00	   2.6000000e+00	  -8.3952000e-03	  -3.9801000e-03	  -2.5465000e-03	   9.8850000e-01	   2.6784000e+00	  -8.6804000e-03	  -3.7101000e-03	  -2.7829000e-03	   7.9699000e-01	   2.7568000e+00	  -8.9656000e-03	  -3.4402000e-03	  -3.0194000e-03	   6.0549000e-01	   2.8353000e+00	   4.4978000e+00	   1.1193000e+00	   6.0608000e-01	   4.3585000e+00	   1.1196000e+00	   6.2162000e-01	   4.2192000e+00	   1.1200000e+00	   6.3716000e-01	   4.0799000e+00	   1.1203000e+00	   6.5270000e-01	
   6.1000000e+01	  -8.1100000e-03	  -4.2500000e-03	  -2.3100000e-03	   1.3500000e+00	   2.6000000e+00	  -8.1052000e-03	  -3.9558000e-03	  -1.9343000e-03	   1.5766000e+00	   2.6176000e+00	  -8.1004000e-03	  -3.6616000e-03	  -1.5587000e-03	   1.8031000e+00	   2.6352000e+00	  -8.0956000e-03	  -3.3674000e-03	  -1.1830000e-03	   2.0297000e+00	   2.6528000e+00	   4.5233000e+00	   1.1046000e+00	   6.1327000e-01	   4.4024000e+00	   1.0439000e+00	   5.9036000e-01	   4.2815000e+00	   9.8315000e-01	   5.6745000e-01	   4.1606000e+00	   9.2241000e-01	   5.4454000e-01	
   6.2000000e+01	  -7.6400000e-03	  -4.2500000e-03	  -2.3100000e-03	   1.3500000e+00	   2.6000000e+00	  -8.2776000e-03	  -4.2338000e-03	  -2.3882000e-03	   1.2679000e+00	   2.6856000e+00	  -8.9153000e-03	  -4.2176000e-03	  -2.4665000e-03	   1.1859000e+00	   2.7712000e+00	  -9.5529000e-03	  -4.2013000e-03	  -2.5447000e-03	   1.1038000e+00	   2.8569000e+00	   4.0225000e+00	   8.8544000e-01	   6.4976000e-01	   5.0863000e+00	   1.1443000e+00	   6.6076000e-01	   6.1501000e+00	   1.4032000e+00	   6.7176000e-01	   7.2139000e+00	   1.6620000e+00	   6.8275000e-01	
   6.3000000e+01	  -7.6400000e-03	  -4.2500000e-03	  -2.3100000e-03	   1.2400000e+00	   2.6000000e+00	  -7.9161000e-03	  -4.0966000e-03	  -2.2563000e-03	   1.2541000e+00	   2.6206000e+00	  -8.1923000e-03	  -3.9432000e-03	  -2.2025000e-03	   1.2681000e+00	   2.6412000e+00	  -8.4684000e-03	  -3.7898000e-03	  -2.1488000e-03	   1.2822000e+00	   2.6617000e+00	   3.7042000e+00	   7.5725000e-01	   6.8436000e-01	   4.1546000e+00	   6.7056000e-01	   7.0929000e-01	   4.6049000e+00	   5.8386000e-01	   7.3421000e-01	   5.0552000e+00	   4.9717000e-01	   7.5914000e-01	
   6.4000000e+01	  -5.3100000e-03	  -4.2500000e-03	  -2.3100000e-03	   9.8500000e-01	   3.0000000e+00	  -4.7379000e-03	  -4.1251000e-03	  -2.1923000e-03	   8.7303000e-01	   3.0623000e+00	  -4.1658000e-03	  -4.0003000e-03	  -2.0745000e-03	   7.6105000e-01	   3.1246000e+00	  -3.5937000e-03	  -3.8754000e-03	  -1.9568000e-03	   6.4908000e-01	   3.1869000e+00	   3.4867000e+00	   8.2746000e-01	   7.0636000e-01	   3.7316000e+00	   7.6165000e-01	   7.2532000e-01	   3.9766000e+00	   6.9583000e-01	   7.4427000e-01	   4.2215000e+00	   6.3001000e-01	   7.6323000e-01	
   6.5000000e+01	  -4.3900000e-03	  -4.2500000e-03	  -2.3100000e-03	   8.5000000e-01	   3.2000000e+00	  -4.3288000e-03	  -4.1858000e-03	  -2.5279000e-03	   1.0709000e+00	   3.1350000e+00	  -4.2676000e-03	  -4.1216000e-03	  -2.7457000e-03	   1.2918000e+00	   3.0699000e+00	  -4.2064000e-03	  -4.0574000e-03	  -2.9636000e-03	   1.5127000e+00	   3.0049000e+00	   3.2495000e+00	   9.1341000e-01	   7.3294000e-01	   3.2914000e+00	   9.3489000e-01	   7.3179000e-01	   3.3334000e+00	   9.5637000e-01	   7.3064000e-01	   3.3753000e+00	   9.7784000e-01	   7.2950000e-01	
   6.6000000e+01	  -4.3900000e-03	  -4.2500000e-03	  -2.3100000e-03	   8.5000000e-01	   3.4000000e+00	  -4.4908000e-03	  -4.0450000e-03	  -2.1685000e-03	   7.7548000e-01	   3.4251000e+00	  -4.5916000e-03	  -3.8399000e-03	  -2.0270000e-03	   7.0095000e-01	   3.4503000e+00	  -4.6924000e-03	  -3.6349000e-03	  -1.8856000e-03	   6.2643000e-01	   3.4754000e+00	   3.1932000e+00	   1.1511000e+00	   7.4355000e-01	   3.5870000e+00	   1.1494000e+00	   7.3250000e-01	   3.9807000e+00	   1.1476000e+00	   7.2146000e-01	   4.3745000e+00	   1.1459000e+00	   7.1041000e-01	
   6.7000000e+01	  -4.3900000e-03	  -4.2500000e-03	  -2.3100000e-03	   7.3500000e-01	   3.4000000e+00	  -4.4998000e-03	  -4.2547000e-03	  -2.0511000e-03	   7.4863000e-01	   3.5318000e+00	  -4.6097000e-03	  -4.2593000e-03	  -1.7922000e-03	   7.6225000e-01	   3.6637000e+00	  -4.7195000e-03	  -4.2640000e-03	  -1.5333000e-03	   7.7588000e-01	   3.7955000e+00	   3.5964000e+00	   1.5567000e+00	   7.6561000e-01	   3.7784000e+00	   1.4863000e+00	   7.7371000e-01	   3.9605000e+00	   1.4158000e+00	   7.8180000e-01	   4.1425000e+00	   1.3454000e+00	   7.8989000e-01	
   6.8000000e+01	  -4.3900000e-03	  -7.7800000e-03	  -2.3100000e-03	   5.2800000e-01	   3.4000000e+00	  -4.3789000e-03	  -8.0199000e-03	  -2.6477000e-03	   6.3550000e-01	   3.2758000e+00	  -4.3679000e-03	  -8.2599000e-03	  -2.9854000e-03	   7.4300000e-01	   3.1517000e+00	  -4.3568000e-03	  -8.4998000e-03	  -3.3231000e-03	   8.5050000e-01	   3.0275000e+00	   3.8815000e+00	   1.6039000e+00	   7.8918000e-01	   4.4773000e+00	   1.6993000e+00	   7.8588000e-01	   5.0730000e+00	   1.7947000e+00	   7.8259000e-01	   5.6688000e+00	   1.8901000e+00	   7.7930000e-01	
   6.9000000e+01	  -5.3100000e-03	  -9.5800000e-03	  -2.3100000e-03	   5.8000000e-01	   3.0000000e+00	  -5.0770000e-03	  -9.2474000e-03	  -2.5271000e-03	   4.7710000e-01	   2.9923000e+00	  -4.8440000e-03	  -8.9148000e-03	  -2.7442000e-03	   3.7420000e-01	   2.9845000e+00	  -4.6110000e-03	  -8.5821000e-03	  -2.9612000e-03	   2.7130000e-01	   2.9768000e+00	   3.7679000e+00	   1.6928000e+00	   7.8292000e-01	   3.7499000e+00	   1.6959000e+00	   7.3851000e-01	   3.7319000e+00	   1.6990000e+00	   6.9410000e-01	   3.7139000e+00	   1.7022000e+00	   6.4969000e-01	
   7.0000000e+01	  -6.2400000e-03	  -1.0000000e-02	  -2.3100000e-03	   7.8800000e-01	   3.0000000e+00	  -7.2261000e-03	  -1.0201000e-02	  -2.2009000e-03	   7.3245000e-01	   2.9744000e+00	  -8.2121000e-03	  -1.0402000e-02	  -2.0917000e-03	   6.7691000e-01	   2.9488000e+00	  -9.1982000e-03	  -1.0602000e-02	  -1.9826000e-03	   6.2136000e-01	   2.9233000e+00	   3.9356000e+00	   2.6620000e+00	   8.0281000e-01	   4.3710000e+00	   2.6084000e+00	   7.7885000e-01	   4.8063000e+00	   2.5548000e+00	   7.5489000e-01	   5.2416000e+00	   2.5012000e+00	   7.3093000e-01	
   7.1000000e+01	  -6.2400000e-03	  -1.0000000e-02	  -2.3100000e-03	   8.5000000e-01	   3.0000000e+00	  -6.1101000e-03	  -1.0275000e-02	  -2.1117000e-03	   9.6536000e-01	   2.9925000e+00	  -5.9803000e-03	  -1.0550000e-02	  -1.9135000e-03	   1.0807000e+00	   2.9850000e+00	  -5.8504000e-03	  -1.0825000e-02	  -1.7152000e-03	   1.1961000e+00	   2.9775000e+00	   3.9121000e+00	   2.7442000e+00	   8.1668000e-01	   3.6198000e+00	   2.4184000e+00	   8.1478000e-01	   3.3276000e+00	   2.0926000e+00	   8.1288000e-01	   3.0353000e+00	   1.7668000e+00	   8.1098000e-01	
   7.2000000e+01	  -6.2400000e-03	  -9.5800000e-03	  -2.3100000e-03	   8.5000000e-01	   3.1000000e+00	  -6.0069000e-03	  -9.5961000e-03	  -2.1781000e-03	   9.2948000e-01	   2.9881000e+00	  -5.7738000e-03	  -9.6123000e-03	  -2.0462000e-03	   1.0090000e+00	   2.8763000e+00	  -5.5406000e-03	  -9.6284000e-03	  -1.9143000e-03	   1.0884000e+00	   2.7644000e+00	   3.5055000e+00	   2.1699000e+00	   8.5384000e-01	   3.3622000e+00	   2.2445000e+00	   8.4408000e-01	   3.2188000e+00	   2.3190000e+00	   8.3432000e-01	   3.0754000e+00	   2.3936000e+00	   8.2456000e-01	
   7.3000000e+01	  -5.1300000e-03	  -8.4400000e-03	  -1.3200000e-03	   1.0500000e+00	   3.1000000e+00	  -5.0667000e-03	  -8.5892000e-03	  -1.3933000e-03	   1.3102000e+00	   3.1094000e+00	  -5.0033000e-03	  -8.7384000e-03	  -1.4666000e-03	   1.5705000e+00	   3.1187000e+00	  -4.9400000e-03	  -8.8876000e-03	  -1.5400000e-03	   1.8307000e+00	   3.1281000e+00	   3.3372000e+00	   2.2519000e+00	   8.6715000e-01	   3.0795000e+00	   2.1826000e+00	   8.7079000e-01	   2.8218000e+00	   2.1133000e+00	   8.7443000e-01	   2.5640000e+00	   2.0439000e+00	   8.7808000e-01	
   7.4000000e+01	  -7.0100000e-03	  -8.4400000e-03	  -1.3200000e-03	   1.3100000e+00	   2.7000000e+00	  -6.9911000e-03	  -8.3313000e-03	  -1.4274000e-03	   1.3686000e+00	   2.6771000e+00	  -6.9721000e-03	  -8.2226000e-03	  -1.5348000e-03	   1.4272000e+00	   2.6542000e+00	  -6.9532000e-03	  -8.1138000e-03	  -1.6422000e-03	   1.4858000e+00	   2.6312000e+00	   3.4710000e+00	   2.2183000e+00	   8.5454000e-01	   3.4059000e+00	   2.1099000e+00	   8.5837000e-01	   3.3409000e+00	   2.0016000e+00	   8.6221000e-01	   3.2759000e+00	   1.8932000e+00	   8.6604000e-01	
   7.5000000e+01	  -5.9000000e-03	  -7.2800000e-03	  -3.1100000e-04	   9.9800000e-01	   2.6000000e+00	  -5.9879000e-03	  -7.0767000e-03	  -2.0861000e-04	   1.0435000e+00	   2.5997000e+00	  -6.0758000e-03	  -6.8734000e-03	  -1.0623000e-04	   1.0890000e+00	   2.5994000e+00	  -6.1637000e-03	  -6.6701000e-03	  -3.8375000e-06	   1.1346000e+00	   2.5991000e+00	   3.1685000e+00	   1.9414000e+00	   8.4558000e-01	   3.3794000e+00	   2.0560000e+00	   8.2401000e-01	   3.5903000e+00	   2.1707000e+00	   8.0243000e-01	   3.8012000e+00	   2.2853000e+00	   7.8085000e-01	
   7.6000000e+01	  -3.6200000e-03	  -4.9100000e-03	   1.7500000e-03	   5.8300000e-01	   2.4000000e+00	  -3.3712000e-03	  -4.9399000e-03	   1.6630000e-03	   3.4507000e-01	   2.4335000e+00	  -3.1225000e-03	  -4.9698000e-03	   1.5760000e-03	   1.0713000e-01	   2.4670000e+00	  -2.8737000e-03	  -4.9997000e-03	   1.4890000e-03	  -1.3080000e-01	   2.5006000e+00	   2.1992000e+00	   1.3923000e+00	   8.8682000e-01	   2.8375000e+00	   1.3132000e+00	   8.8839000e-01	   3.4757000e+00	   1.2342000e+00	   8.8996000e-01	   4.1140000e+00	   1.1551000e+00	   8.9153000e-01	
   7.7000000e+01	  -2.4500000e-03	  -3.6900000e-03	   2.8100000e-03	   9.3200000e-01	   2.4000000e+00	  -2.2298000e-03	  -3.6668000e-03	   3.0118000e-03	   1.0114000e+00	   2.4791000e+00	  -2.0097000e-03	  -3.6435000e-03	   3.2135000e-03	   1.0907000e+00	   2.5582000e+00	  -1.7895000e-03	  -3.6203000e-03	   3.4153000e-03	   1.1701000e+00	   2.6372000e+00	   1.5927000e+00	   1.3865000e+00	   8.5904000e-01	   1.8201000e+00	   1.3785000e+00	   8.5027000e-01	   2.0475000e+00	   1.3705000e+00	   8.4150000e-01	   2.2749000e+00	   1.3625000e+00	   8.3273000e-01	
   7.8000000e+01	   1.1700000e-03	  -2.8500000e-03	   6.0900000e-03	   1.3500000e+00	   1.9000000e+00	   1.2980000e-03	  -3.0027000e-03	   6.0397000e-03	   1.2539000e+00	   1.8695000e+00	   1.4260000e-03	  -3.1554000e-03	   5.9894000e-03	   1.1577000e+00	   1.8389000e+00	   1.5540000e-03	  -3.3080000e-03	   5.9391000e-03	   1.0616000e+00	   1.8084000e+00	   1.6102000e+00	   1.8239000e+00	   7.7194000e-01	   1.4605000e+00	   1.7384000e+00	   7.6810000e-01	   1.3107000e+00	   1.6529000e+00	   7.6427000e-01	   1.1609000e+00	   1.5673000e+00	   7.6043000e-01	
   7.9000000e+01	   1.1700000e-03	  -2.8500000e-03	   6.0900000e-03	   5.7700000e-01	   1.6000000e+00	   1.1128000e-03	  -2.5990000e-03	   6.1361000e-03	   6.0494000e-01	   1.6645000e+00	   1.0557000e-03	  -2.3479000e-03	   6.1821000e-03	   6.3287000e-01	   1.7291000e+00	   9.9850000e-04	  -2.0969000e-03	   6.2282000e-03	   6.6081000e-01	   1.7936000e+00	  -2.1563000e-01	   7.1756000e-01	   7.5264000e-01	  -1.6805000e-01	   8.5327000e-01	   7.3302000e-01	  -1.2047000e-01	   9.8897000e-01	   7.1340000e-01	  -7.2894000e-02	   1.1247000e+00	   6.9378000e-01	
   8.0000000e+01	   1.1700000e-03	  -2.8500000e-03	   2.7100000e-03	  -1.3300000e-01	   1.6000000e+00	   8.4652000e-04	  -3.1065000e-03	   2.6880000e-03	  -1.9829000e-01	   1.5270000e+00	   5.2304000e-04	  -3.3630000e-03	   2.6660000e-03	  -2.6359000e-01	   1.4541000e+00	   1.9957000e-04	  -3.6195000e-03	   2.6439000e-03	  -3.2888000e-01	   1.3811000e+00	  -3.5930000e+00	   5.3640000e-01	   8.3802000e-01	  -3.4126000e+00	   4.1260000e-01	   8.1437000e-01	  -3.2322000e+00	   2.8881000e-01	   7.9072000e-01	  -3.0517000e+00	   1.6501000e-01	   7.6707000e-01	
   8.1000000e+01	   2.4200000e-03	  -1.5800000e-03	   3.0800000e-04	   1.2700000e-01	   1.6000000e+00	   2.8871000e-03	  -1.3440000e-03	   2.1626000e-04	  -1.2508000e-02	   1.6377000e+00	   3.3543000e-03	  -1.1080000e-03	   1.2451000e-04	  -1.5202000e-01	   1.6755000e+00	   3.8214000e-03	  -8.7203000e-04	   3.2768000e-05	  -2.9152000e-01	   1.7132000e+00	  -4.9767000e+00	   7.1496000e-01	   7.7592000e-01	  -4.7242000e+00	   6.1539000e-01	   8.3122000e-01	  -4.4716000e+00	   5.1582000e-01	   8.8651000e-01	  -4.2191000e+00	   4.1624000e-01	   9.4181000e-01	
   8.2000000e+01	   2.4200000e-03	  -1.5800000e-03	   3.0800000e-04	   4.9500000e-01	   1.6000000e+00	   1.8924000e-03	  -1.6632000e-03	   7.2903000e-04	   6.5804000e-01	   1.5868000e+00	   1.3648000e-03	  -1.7464000e-03	   1.1501000e-03	   8.2109000e-01	   1.5737000e+00	   8.3724000e-04	  -1.8296000e-03	   1.5711000e-03	   9.8413000e-01	   1.5605000e+00	  -5.4154000e+00	   5.9923000e-01	   6.7163000e-01	  -5.5082000e+00	   5.4797000e-01	   6.5288000e-01	  -5.6010000e+00	   4.9671000e-01	   6.3414000e-01	  -5.6937000e+00	   4.4545000e-01	   6.1539000e-01	
   8.3000000e+01	  -2.2600000e-03	  -5.3400000e-03	  -2.8500000e-03	   1.5300000e+00	   1.4000000e+00	  -2.6583000e-03	  -5.2763000e-03	  -3.1104000e-03	   1.5911000e+00	   1.2490000e+00	  -3.0566000e-03	  -5.2126000e-03	  -3.3709000e-03	   1.6522000e+00	   1.0980000e+00	  -3.4549000e-03	  -5.1489000e-03	  -3.6313000e-03	   1.7133000e+00	   9.4696000e-01	  -6.0386000e+00	   2.3668000e-01	   6.0841000e-01	  -6.3578000e+00	   1.6358000e-01	   6.3206000e-01	  -6.6771000e+00	   9.0472000e-02	   6.5572000e-01	  -6.9963000e+00	   1.7369000e-02	   6.7938000e-01	
   8.4000000e+01	  -3.4400000e-03	  -6.5500000e-03	  -3.8700000e-03	   2.4600000e+00	   1.2000000e+00	  -3.3183000e-03	  -6.6531000e-03	  -3.6185000e-03	   2.6327000e+00	   1.2213000e+00	  -3.1965000e-03	  -6.7562000e-03	  -3.3670000e-03	   2.8054000e+00	   1.2426000e+00	  -3.0748000e-03	  -6.8593000e-03	  -3.1155000e-03	   2.9780000e+00	   1.2639000e+00	  -5.0162000e+00	   1.2069000e+00	   5.1359000e-01	  -5.4088000e+00	   1.1596000e+00	   5.2883000e-01	  -5.8014000e+00	   1.1122000e+00	   5.4406000e-01	  -6.1940000e+00	   1.0649000e+00	   5.5930000e-01	
   8.5000000e+01	  -6.4400000e-03	  -8.0000000e-03	  -3.8700000e-03	   2.9800000e+00	   6.0000000e-01	  -6.3219000e-03	  -8.1023000e-03	  -4.1967000e-03	   3.2597000e+00	   5.7421000e-01	  -6.2038000e-03	  -8.2046000e-03	  -4.5233000e-03	   3.5394000e+00	   5.4842000e-01	  -6.0857000e-03	  -8.3070000e-03	  -4.8500000e-03	   3.8191000e+00	   5.2263000e-01	  -5.1248000e+00	   5.6941000e-01	   5.3548000e-01	  -4.6035000e+00	   6.4193000e-01	   5.2181000e-01	  -4.0821000e+00	   7.1445000e-01	   5.0815000e-01	  -3.5607000e+00	   7.8697000e-01	   4.9448000e-01	
   8.6000000e+01	  -6.4400000e-03	  -8.4900000e-03	  -3.8700000e-03	   3.3500000e+00	   5.0000000e-01	  -5.9762000e-03	  -8.6614000e-03	  -3.8504000e-03	   3.3727000e+00	   5.4141000e-01	  -5.5125000e-03	  -8.8328000e-03	  -3.8308000e-03	   3.3954000e+00	   5.8281000e-01	  -5.0487000e-03	  -9.0041000e-03	  -3.8113000e-03	   3.4181000e+00	   6.2422000e-01	  -5.6309000e+00	  -1.9578000e-01	   5.5404000e-01	  -5.8203000e+00	  -3.3297000e-01	   5.8310000e-01	  -6.0098000e+00	  -4.7016000e-01	   6.1217000e-01	  -6.1992000e+00	  -6.0736000e-01	   6.4123000e-01	
   8.7000000e+01	   7.9700000e-04	  -9.9700000e-04	   2.5100000e-03	   3.3500000e+00	   5.0000000e-01	   5.3793000e-04	  -1.0019000e-03	   2.4942000e-03	   3.1559000e+00	   5.5466000e-01	   2.7887000e-04	  -1.0069000e-03	   2.4784000e-03	   2.9619000e+00	   6.0932000e-01	   1.9800000e-05	  -1.0118000e-03	   2.4626000e-03	   2.7678000e+00	   6.6399000e-01	  -5.4050000e+00	   1.5689000e-01	   5.6458000e-01	  -5.3850000e+00	   2.8164000e-01	   5.7634000e-01	  -5.3649000e+00	   4.0639000e-01	   5.8810000e-01	  -5.3449000e+00	   5.3114000e-01	   5.9985000e-01	
   8.8000000e+01	   2.0800000e-03	  -1.8900000e-04	   3.6400000e-03	   3.0700000e+00	   5.0000000e-01	   2.4249000e-03	  -7.9225000e-06	   3.6778000e-03	   3.1270000e+00	   4.2009000e-01	   2.7697000e-03	   1.7315000e-04	   3.7157000e-03	   3.1840000e+00	   3.4018000e-01	   3.1146000e-03	   3.5423000e-04	   3.7535000e-03	   3.2409000e+00	   2.6027000e-01	  -6.1498000e+00	  -7.0055000e-01	   6.1476000e-01	  -6.7491000e+00	  -7.9030000e-01	   6.4429000e-01	  -7.3483000e+00	  -8.8004000e-01	   6.7381000e-01	  -7.9475000e+00	  -9.6979000e-01	   7.0333000e-01	
   8.9000000e+01	   2.0800000e-03	  -1.8900000e-04	  -1.3200000e-03	   2.2900000e+00	   1.0000000e-01	   2.5137000e-03	  -1.3143000e-04	  -1.6500000e-03	   2.2049000e+00	   5.3730000e-02	   2.9474000e-03	  -7.3852000e-05	  -1.9801000e-03	   2.1197000e+00	   7.4608000e-03	   3.3811000e-03	  -1.6278000e-05	  -2.3101000e-03	   2.0346000e+00	  -3.8809000e-02	  -7.3151000e+00	  -1.1301000e+00	   5.6295000e-01	  -7.3950000e+00	  -1.2112000e+00	   5.7003000e-01	  -7.4750000e+00	  -1.2922000e+00	   5.7712000e-01	  -7.5549000e+00	  -1.3733000e+00	   5.8420000e-01	
   9.0000000e+01	   2.0800000e-03	  -1.8900000e-04	  -3.8700000e-03	   1.9600000e+00	  -2.0000000e-01	   1.8843000e-03	  -4.7417000e-04	  -3.8578000e-03	   2.0336000e+00	  -1.6252000e-01	   1.6886000e-03	  -7.5935000e-04	  -3.8456000e-03	   2.1072000e+00	  -1.2504000e-01	   1.4929000e-03	  -1.0445000e-03	  -3.8333000e-03	   2.1808000e+00	  -8.7558000e-02	  -9.1207000e+00	  -1.6208000e+00	   5.6609000e-01	  -9.2560000e+00	  -1.7152000e+00	   6.0311000e-01	  -9.3914000e+00	  -1.8096000e+00	   6.4013000e-01	  -9.5267000e+00	  -1.9040000e+00	   6.7716000e-01	
