   1.0000000e+00  -5.9414955e+00   1.8486037e+01   2.1490999e+02  -3.7847645e+00  -2.5363727e+00  -5.9663389e-02
   2.0000000e+00  -5.9414955e+00   1.8486037e+01   1.4603966e+01  -3.8082177e+00  -2.6127668e+00   9.9624267e-02
   3.0000000e+00  -5.9414955e+00   1.8486037e+01  -1.4516505e+02  -3.8968708e+00  -2.6890391e+00  -1.8835560e-01
   4.0000000e+00  -5.9414955e+00   1.8486037e+01  -2.1582660e+02  -4.0776984e+00  -2.7603344e+00  -6.6105988e-01
   5.0000000e+00  -5.9414955e+00   1.8486037e+01  -2.2949122e+02  -4.2853829e+00  -2.8274386e+00  -7.8479587e-01
   6.0000000e+00  -5.9414955e+00   1.8486037e+01  -2.2576711e+02  -4.4906326e+00  -2.8989064e+00  -8.6022786e-01
   7.0000000e+00  -5.9414955e+00   1.8486037e+01  -1.7271169e+02  -4.6813709e+00  -2.9482727e+00  -7.8389576e-01
   8.0000000e+00  -5.9414955e+00   1.8486037e+01  -7.7463460e+01  -4.8990298e+00  -2.9902702e+00  -1.1340056e+00
   9.0000000e+00  -5.9414955e+00   1.8486037e+01  -8.6756776e+01  -5.1136445e+00  -3.0314139e+00  -1.2356331e+00
   1.0000000e+01  -5.9414955e+00   1.8486037e+01  -1.4150064e+02  -5.2876417e+00  -3.0716754e+00  -1.3887509e+00
   1.1000000e+01  -5.9414955e+00   1.8486037e+01  -2.0485043e+02  -5.3876537e+00  -3.1136313e+00  -1.3731231e+00
   1.2000000e+01  -5.9414955e+00   1.8486037e+01  -1.7164514e+02  -5.4733177e+00  -3.1547387e+00  -1.2646623e+00
   1.3000000e+01  -5.9414955e+00   1.8486037e+01  -8.5873987e+01  -5.6321077e+00  -3.1898818e+00  -1.0381084e+00
   1.4000000e+01  -5.9414955e+00   1.8486037e+01  -8.2856844e+01  -5.8102508e+00  -3.2203048e+00  -7.2105195e-01
   1.5000000e+01  -5.9414955e+00   1.8486037e+01  -7.1533185e+01  -5.9951996e+00  -3.2437417e+00  -7.6553560e-01
   1.6000000e+01  -5.9414955e+00   1.8486037e+01   5.4217598e+00  -6.2137949e+00  -3.2617165e+00  -9.8164341e-01
   1.7000000e+01  -5.9414955e+00   1.8486037e+01   9.6799969e+01  -6.3865229e+00  -3.2754130e+00  -9.8533889e-01
   1.8000000e+01  -5.9414955e+00   1.8486037e+01   1.9942335e+02  -6.5070347e+00  -3.2782280e+00  -9.9682757e-01
   1.9000000e+01  -5.9414955e+00   1.8486037e+01   1.6383287e+02  -6.6386087e+00  -3.2760657e+00  -8.8382482e-01
   2.0000000e+01  -5.9414955e+00   1.8486037e+01   1.3817401e+02  -6.7859056e+00  -3.2739673e+00  -5.3092081e-01
   2.1000000e+01  -5.9414955e+00   1.8486037e+01  -2.1781521e+01  -6.9601375e+00  -3.2718733e+00  -1.6139165e-01
   2.2000000e+01  -5.9414955e+00   1.8486037e+01  -8.6472031e+01  -7.1410230e+00  -3.2695707e+00   1.6921513e-01
   2.3000000e+01  -5.9414955e+00   1.8486037e+01  -5.2911013e+01  -7.2988251e+00  -3.2657892e+00   2.1204987e-01
   2.4000000e+01  -5.9414955e+00   1.8486037e+01   1.0700599e+02  -7.4219375e+00  -3.2615641e+00   5.8791699e-03
   2.5000000e+01  -5.9414955e+00   1.8486037e+01   3.9717714e+02  -7.5346553e+00  -3.2552500e+00   6.5928169e-01
   2.6000000e+01  -5.9414955e+00   1.8486037e+01   6.6526310e+02  -7.6827667e+00  -3.2479428e+00   8.2333223e-01
   2.7000000e+01  -6.0070883e+00   1.8486037e+01   6.6216544e+02  -7.8462393e+00  -3.2425888e+00   7.1168834e-01
   2.8000000e+01  -3.2476935e+00   1.8486037e+01   2.9280795e+02  -7.9613842e+00  -3.2370363e+00   1.4478269e-01
   2.9000000e+01   1.2409728e-01   1.8486037e+01  -2.0080060e+02  -7.9914435e+00  -3.2290134e+00   2.7761658e-02
   3.0000000e+01   5.8504500e-02   1.8486037e+01  -3.4911515e+02  -7.9219107e+00  -3.2133134e+00   3.1488038e-01
   3.1000000e+01   5.8504500e-02   1.8486037e+01  -4.5143901e+01  -7.7956576e+00  -3.1794962e+00   4.5875580e-01
   3.2000000e+01   5.8504500e-02   1.8486037e+01   2.4320549e+02  -7.6322978e+00  -3.1180921e+00   5.6783679e-01
   3.3000000e+01   5.8504500e-02   1.8486037e+01   5.6955335e+02  -7.4656852e+00  -3.0530389e+00   9.3606222e-01
   3.4000000e+01   5.8504500e-02   1.8486037e+01   6.8959046e+02  -7.3123732e+00  -2.9899426e+00   1.5924423e+00
   3.5000000e+01   5.8504500e-02   1.8486037e+01   3.1789723e+02  -7.1840965e+00  -2.8969880e+00   1.9445884e+00
   3.6000000e+01   5.8504500e-02   1.8486037e+01  -2.9407894e+02  -7.0143618e+00  -2.8066251e+00   1.8710967e+00
   3.7000000e+01   5.8504500e-02   1.8486037e+01  -4.8994820e+02  -6.7909407e+00  -2.7355518e+00   1.7655599e+00
   3.8000000e+01   5.8504500e-02   1.8451383e+01  -3.3075307e+02  -6.5725290e+00  -2.6702488e+00   1.6519002e+00
   3.9000000e+01   5.8504500e-02   2.0735860e+01  -1.2962865e+02  -6.3719199e+00  -2.6024721e+00   1.8299867e+00
   4.0000000e+01   5.8504500e-02   3.7236864e+01  -5.0952286e+00  -6.1716290e+00  -2.5369942e+00   1.8058470e+00
   4.1000000e+01   5.8504500e-02   3.8486037e+01   5.4975205e+01  -5.9348563e+00  -2.4829634e+00   1.6493483e+00
   4.2000000e+01   5.8504500e-02   3.8486037e+01  -5.9521833e+01  -5.6724038e+00  -2.4411531e+00   1.6310223e+00
   4.3000000e+01   5.8504500e-02   3.8486037e+01  -8.9143050e+01  -5.3927089e+00  -2.4212962e+00   1.1289452e+00
   4.4000000e+01   5.8504500e-02   3.8486037e+01  -1.7277346e+01  -5.1845923e+00  -2.4260590e+00   6.2519974e-01
   4.5000000e+01   5.8504500e-02   3.8486037e+01   7.4123467e+00  -5.0778373e+00  -2.4490004e+00   4.0497850e-01
   4.6000000e+01   5.8504500e-02   3.8486037e+01  -3.5230795e+00  -4.9898384e+00  -2.4876664e+00   4.7284716e-01
   4.7000000e+01   5.8504500e-02   3.8486037e+01  -3.3430671e+01  -4.9068724e+00  -2.5323601e+00   8.4887089e-01
   4.8000000e+01   5.8504500e-02   3.8486037e+01  -8.1507077e+01  -4.8300740e+00  -2.5787951e+00   1.0288179e+00
   4.9000000e+01   5.8504500e-02   3.8486037e+01  -1.7780456e+02  -4.7674555e+00  -2.6210493e+00   1.1424743e+00
   5.0000000e+01   5.8504500e-02   3.8486037e+01  -1.7634171e+02  -4.7280781e+00  -2.6627314e+00   9.1711494e-01
   5.1000000e+01   5.8504500e-02   3.8486037e+01   1.6590125e+02  -4.7101830e+00  -2.6991587e+00   3.5719070e-01
   5.2000000e+01   5.8504500e-02   3.8486037e+01   3.9108011e+02  -4.7035089e+00  -2.7326848e+00   2.3044911e-01
   5.3000000e+01   5.8504500e-02   3.8486037e+01   3.4330644e+02  -4.7026972e+00  -2.7658789e+00   1.2592681e-01
   5.4000000e+01   5.8504500e-02   3.8486037e+01   5.6933547e+01  -4.7105233e+00  -2.7954620e+00  -1.0191563e-01
   5.5000000e+01   5.8504500e-02   3.8486037e+01  -2.3607762e+02  -4.7047407e+00  -2.8205906e+00  -2.7275467e-01
   5.6000000e+01   5.8504500e-02   3.8486037e+01  -3.8982629e+02  -4.6687466e+00  -2.8438926e+00  -3.9376210e-01
   5.7000000e+01   5.8504500e-02   3.8486037e+01  -4.2375518e+02  -4.6261873e+00  -2.8643739e+00  -4.4112134e-01
   5.8000000e+01   5.8504500e-02   3.8486037e+01  -2.3884468e+02  -4.6089094e+00  -2.8845244e+00  -4.2105340e-01
   5.9000000e+01   5.8504500e-02   3.8486037e+01  -9.6280468e+01  -4.5774745e+00  -2.9014116e+00  -4.5573697e-01
   6.0000000e+01   5.8504500e-02   3.8486037e+01  -9.2412932e+01  -4.5196705e+00  -2.9173387e+00  -3.2374900e-01
   6.1000000e+01   5.8504500e-02   3.8486037e+01  -1.4155122e+02  -4.4718246e+00  -2.9313920e+00  -1.4893363e-01
   6.2000000e+01   5.8504500e-02   3.8486037e+01  -9.5619560e+01  -4.4052446e+00  -2.9398728e+00   1.9323931e-02
   6.3000000e+01   5.8504500e-02   3.8486037e+01  -7.1359858e+01  -4.3798822e+00  -2.9474204e+00   3.5763163e-01
   6.4000000e+01   5.8504500e-02   3.8486037e+01   1.4646978e+01  -4.4315797e+00  -2.9520138e+00   1.0076392e-01
   6.5000000e+01   5.8504500e-02   3.8486037e+01   5.9996527e+01  -4.5163426e+00  -2.9564193e+00  -1.5596992e-01
   6.6000000e+01   5.8504500e-02   3.8486037e+01   1.6883117e+02  -4.5740255e+00  -2.9647642e+00  -4.9152017e-01
   6.7000000e+01   5.8504500e-02   3.8486037e+01   9.3600705e+01  -4.6135853e+00  -2.9735233e+00  -4.8929449e-01
   6.8000000e+01   5.8504500e-02   3.8486037e+01  -2.9357308e+01  -4.5977863e+00  -2.9805384e+00  -2.0618694e-01
   6.9000000e+01   5.8504500e-02   3.8486037e+01  -1.2415142e+02  -4.5425082e+00  -2.9875302e+00  -1.9546888e-01
   7.0000000e+01   5.8504500e-02   3.8486037e+01  -7.5321758e+01  -4.4921211e+00  -2.9943782e+00  -2.3354939e-01
   7.1000000e+01   5.8504500e-02   3.8486037e+01   7.1434882e+01  -4.4781819e+00  -3.0002855e+00  -6.1719059e-01
   7.2000000e+01   5.8504500e-02   3.8486037e+01   9.9885134e+01  -4.4009205e+00  -3.0040573e+00  -7.6372390e-01
   7.3000000e+01   5.8504500e-02   3.8486037e+01   3.4848149e+00  -4.2995537e+00  -3.0014355e+00  -6.3096694e-01
   7.4000000e+01   5.8504500e-02   3.8615919e+01  -1.2605805e+02  -4.2290202e+00  -2.9979255e+00  -2.0106209e-01
   7.5000000e+01   5.8504500e-02   2.5477654e+01  -1.0128043e+02  -4.1479167e+00  -2.9944101e+00   3.6233054e-01
   7.6000000e+01   5.8504500e-02   1.8309780e+01   9.5417697e+00  -4.0987417e+00  -2.9885373e+00   6.0373990e-02
   7.7000000e+01   5.8504500e-02   1.8486037e+01   1.2672928e+02  -4.0261038e+00  -2.9741994e+00  -7.4097231e-01
   7.8000000e+01   5.8504500e-02   1.8486037e+01   1.6504170e+02  -3.9397311e+00  -2.9423345e+00  -1.2380335e+00
   7.9000000e+01   5.8504500e-02   1.8486037e+01   1.2038284e+02  -3.9164666e+00  -2.8979590e+00  -1.2348153e+00
   8.0000000e+01   5.8504500e-02   1.8486037e+01   1.1404929e+02  -3.9019271e+00  -2.8386462e+00  -9.2918192e-01
   8.1000000e+01   5.8504500e-02   1.8486037e+01   1.5602373e+02  -3.9095270e+00  -2.7681629e+00  -5.7734254e-01
   8.2000000e+01   5.8504500e-02   1.8486037e+01   1.2956477e+02  -3.9344566e+00  -2.6913634e+00  -5.0035118e-01
   8.3000000e+01   5.8504500e-02   1.8486037e+01   2.4072994e+02  -3.9525135e+00  -2.6052408e+00  -4.6175093e-01
   8.4000000e+01   5.8504500e-02   1.8486037e+01   2.6895646e+02  -3.9540715e+00  -2.5207348e+00  -7.5266193e-01
   8.5000000e+01   5.8504500e-02   1.8486037e+01   1.3480186e+02  -3.8980100e+00  -2.4232043e+00  -6.6608368e-01
   8.6000000e+01   5.8504500e-02   1.8486037e+01   1.1987599e+02  -3.7235900e+00  -2.3454557e+00  -5.3262188e-01
   8.7000000e+01   5.8504500e-02   1.8486037e+01  -8.4963488e+01  -3.5218165e+00  -2.2785647e+00  -2.7097224e-01
   8.8000000e+01   5.8504500e-02   1.8486037e+01   5.0001517e+01  -3.4355978e+00  -2.2182619e+00  -1.3316148e-01
   8.9000000e+01   5.8504500e-02   1.8486037e+01   2.8536174e+02  -3.4565714e+00  -2.1645456e+00  -1.6287577e-01
   9.0000000e+01   5.8504500e-02   1.8486037e+01   2.8567149e+02  -3.5024648e+00  -2.1116496e+00  -2.3229028e-01
   9.1000000e+01   5.8504500e-02   1.8486037e+01   8.3100912e+01  -3.5384198e+00  -2.0608473e+00  -3.8442329e-01
   9.2000000e+01   5.8504500e-02   1.8486037e+01  -2.2104693e+02  -3.5189640e+00  -2.0178911e+00  -2.4431591e-01
   9.3000000e+01   5.8504500e-02   1.8486037e+01  -2.8843796e+02  -3.4660013e+00  -1.9772150e+00  -5.8780909e-02
   9.4000000e+01   5.8504500e-02   1.8486037e+01  -1.8504043e+02  -3.4318116e+00  -1.9483172e+00   1.9057118e-01
   9.5000000e+01   5.8504500e-02   1.8486037e+01   2.1729575e+02  -3.3915388e+00  -1.9146593e+00   5.2584027e-01
   9.6000000e+01   5.8504500e-02   1.8486037e+01   2.0361688e+02  -3.3550877e+00  -1.8913633e+00   7.3683607e-01
   9.7000000e+01   5.8504500e-02   1.8486037e+01  -2.3803570e+02  -3.3240237e+00  -1.8742550e+00   9.0156116e-01
   9.8000000e+01   5.8504500e-02   1.8486037e+01  -4.3626343e+02  -3.2355941e+00  -1.8568057e+00   1.2655049e+00
   9.9000000e+01   5.8504500e-02   1.8486037e+01  -1.9434689e+02  -3.1020768e+00  -1.8350845e+00   1.1886892e+00
   1.0000000e+02   5.8504500e-02   1.8486037e+01   2.3445699e+02  -3.0226021e+00  -1.8037457e+00   7.7968987e-01
   1.0100000e+02   5.8504500e-02   1.8486037e+01   2.9780505e+02  -3.0074106e+00  -1.7771678e+00   4.0007096e-01
   1.0200000e+02   5.8504500e-02   1.8486037e+01   2.5090966e+02  -3.0010277e+00  -1.7575071e+00   1.4171121e-01
   1.0300000e+02   5.8504500e-02   1.8486037e+01  -8.9332949e+01  -2.9892985e+00  -1.7358376e+00   3.5284794e-01
   1.0400000e+02   5.8504500e-02   1.8486037e+01  -2.8568501e+02  -3.0229818e+00  -1.7181917e+00   5.6716072e-01
   1.0500000e+02   5.8504500e-02   1.8486037e+01  -4.2078684e+02  -3.0611404e+00  -1.7025510e+00   3.5648022e-01
   1.0600000e+02   5.8504500e-02   1.8486037e+01  -3.1791341e+02  -3.0583373e+00  -1.6882328e+00   1.9759488e-01
   1.0700000e+02   5.8504500e-02   1.8486037e+01  -1.1759805e+02  -3.0419855e+00  -1.6783023e+00  -1.5452343e-01
   1.0800000e+02   5.8504500e-02   1.8486037e+01   3.2332221e+01  -3.0024923e+00  -1.6643692e+00  -5.1637977e-01
   1.0900000e+02  -1.0547393e-01   1.8486037e+01   7.4732428e+01  -2.9461565e+00  -1.6475499e+00  -3.9813933e-01
   1.1000000e+02  -4.8736123e+00   1.8486037e+01   5.6195761e+01  -2.9116248e+00  -1.6335057e+00  -1.0667372e-02
   1.1100000e+02  -5.9638168e+00   1.8486037e+01   1.6488248e+02  -2.9044738e+00  -1.6290206e+00   2.2485914e-01
   1.1200000e+02  -5.9414955e+00   1.8486037e+01   2.0619333e+02  -2.9930840e+00  -1.6395946e+00  -4.3858552e-02
   1.1300000e+02  -5.9414955e+00   1.8486037e+01   9.1367342e+01  -3.2036130e+00  -1.6528078e+00  -3.7533226e-01
   1.1400000e+02  -5.9414955e+00   1.8486037e+01  -1.2864311e+02  -3.4353879e+00  -1.6765905e+00  -1.6317703e-01
   1.1500000e+02  -5.9414955e+00   1.8486037e+01  -2.5383868e+02  -3.6563925e+00  -1.7185846e+00   1.1207355e-01
   1.1600000e+02  -5.9414955e+00   1.8486037e+01  -2.5081063e+02  -3.9280191e+00  -1.7814227e+00   1.4183610e-01
   1.1700000e+02  -5.9414955e+00   1.8486037e+01  -1.8188376e+02  -4.2157048e+00  -1.8423868e+00   4.2161649e-01
   1.1800000e+02  -5.9414955e+00   1.8486037e+01  -8.5059099e+01  -4.4301617e+00  -1.9095320e+00   9.1180016e-01
   1.1900000e+02  -5.9414955e+00   1.8486037e+01  -2.9572147e+01  -4.5905225e+00  -1.9837220e+00   1.2496913e+00
   1.2000000e+02  -5.9414955e+00   1.8486037e+01   1.2847521e+01  -4.7647210e+00  -2.0630808e+00   8.2972093e-01
   1.2100000e+02  -5.7775171e+00   1.8486037e+01   2.8978769e+01  -4.9091505e+00  -2.1372965e+00   2.3055689e-01
   1.2200000e+02  -1.0093787e+00   1.8486037e+01  -1.0939260e+02  -5.0443360e+00  -2.2086099e+00  -2.6358825e-01
   1.2300000e+02   8.0825757e-02   1.8486037e+01  -1.3473885e+02  -5.1553584e+00  -2.2747425e+00  -4.3669351e-01
   1.2400000e+02   5.8504500e-02   1.8486037e+01  -2.3188521e+02  -5.1631839e+00  -2.3326978e+00  -5.3757673e-01
   1.2500000e+02   5.8504500e-02   1.8486037e+01  -1.7108769e+02  -5.0612742e+00  -2.3731660e+00  -5.8107977e-01
   1.2600000e+02   5.8504500e-02   1.8486037e+01  -3.0506555e+01  -4.9456627e+00  -2.3929340e+00  -5.0282572e-01
   1.2700000e+02   5.8504500e-02   1.8486037e+01   5.8894634e+01  -4.8835583e+00  -2.3915476e+00  -4.1250018e-01
   1.2800000e+02   5.8504500e-02   1.8486037e+01   1.2663991e+02  -4.7797105e+00  -2.3868550e+00  -2.9921996e-01
   1.2900000e+02   5.8504500e-02   1.8486037e+01   3.8909453e+01  -4.5857237e+00  -2.3742261e+00  -2.8780469e-01
   1.3000000e+02   5.8504500e-02   1.8486037e+01   4.4463530e+01  -4.3897179e+00  -2.3489469e+00  -2.7498132e-01
   1.3100000e+02   5.8504500e-02   1.8486037e+01   5.3235080e+01  -4.2582341e+00  -2.3157610e+00  -4.6164635e-01
   1.3200000e+02   5.8504500e-02   1.8309780e+01   1.1809448e+02  -4.1861901e+00  -2.2877558e+00  -3.0920512e-01
   1.3300000e+02   5.8504500e-02   2.5477654e+01   9.3490510e+01  -4.1318349e+00  -2.2626483e+00  -2.2167374e-01
   1.3400000e+02   5.8504500e-02   3.8615919e+01   3.7725197e+01  -4.0308701e+00  -2.2386932e+00   2.1724877e-01
   1.3500000e+02   5.8504500e-02   3.8486037e+01  -1.7715278e+02  -3.9077855e+00  -2.2176798e+00   2.7608615e-01
   1.3600000e+02   5.8504500e-02   3.8486037e+01  -1.8926295e+02  -3.8130852e+00  -2.2073141e+00   5.1986289e-02
   1.3700000e+02   5.8504500e-02   3.8486037e+01  -5.2482458e+01  -3.6879087e+00  -2.2096549e+00  -3.4378412e-01
   1.3800000e+02   5.8504500e-02   3.8486037e+01   1.5115876e+02  -3.6361580e+00  -2.2200959e+00  -7.0600498e-02
   1.3900000e+02   5.8504500e-02   3.8486037e+01   2.2279535e+02  -3.6594943e+00  -2.2488230e+00   1.1061761e-01
   1.4000000e+02   5.8504500e-02   3.8486037e+01   4.6801187e+01  -3.6852550e+00  -2.2803634e+00   8.3868797e-02
   1.4100000e+02   5.8504500e-02   3.8486037e+01  -5.4869137e+01  -3.6729650e+00  -2.3118760e+00  -4.1522731e-01
   1.4200000e+02   5.8504500e-02   3.8486037e+01   1.9512760e+02  -3.6374412e+00  -2.3471270e+00  -5.7662527e-01
   1.4300000e+02   5.8504500e-02   3.8486037e+01   3.1451668e+02  -3.5510096e+00  -2.3841054e+00  -5.5452049e-01
   1.4400000e+02   5.8504500e-02   3.8486037e+01   2.0690592e+02  -3.4790145e+00  -2.4256412e+00  -4.1487757e-01
   1.4500000e+02   5.8504500e-02   3.8486037e+01  -1.9203720e+02  -3.4289089e+00  -2.4646366e+00  -2.1457154e-01
   1.4600000e+02   5.8504500e-02   3.8486037e+01  -2.8987765e+02  -3.2852243e+00  -2.4990989e+00  -8.7870391e-02
   1.4700000e+02   5.8504500e-02   3.8486037e+01  -2.0736443e+02  -3.0547208e+00  -2.5274657e+00  -5.7331737e-02
   1.4800000e+02   5.8504500e-02   3.8486037e+01  -5.1645758e+01  -2.8665625e+00  -2.5538739e+00   2.6898382e-01
   1.4900000e+02   5.8504500e-02   3.8486037e+01   4.2009475e+00  -2.7955755e+00  -2.5776170e+00   5.0346250e-01
   1.5000000e+02   5.8504500e-02   3.8486037e+01  -1.7037088e+01  -2.7054140e+00  -2.6014285e+00   4.1538879e-01
   1.5100000e+02   5.8504500e-02   3.8486037e+01   3.2754642e+01  -2.5931618e+00  -2.6215410e+00   1.0643379e-02
   1.5200000e+02   5.8504500e-02   3.8486037e+01   2.6228585e+01  -2.5076372e+00  -2.6364635e+00   2.5436071e-01
   1.5300000e+02   5.8504500e-02   3.8486037e+01  -2.7652096e+01  -2.4662030e+00  -2.6462521e+00   5.7868594e-01
   1.5400000e+02   5.8504500e-02   3.8486037e+01   9.3346491e+01  -2.4100708e+00  -2.6588220e+00   6.4462200e-01
   1.5500000e+02   6.8900859e-02   3.8486037e+01   3.0339279e+02  -2.3354002e+00  -2.6766351e+00   2.6973599e-01
   1.5600000e+02  -6.1644231e-01   3.8486037e+01   4.9018236e+02  -2.2349574e+00  -2.6905257e+00   1.4111157e-01
   1.5700000e+02  -5.5667435e+00   3.8486037e+01   2.6214692e+02  -2.1515616e+00  -2.7037124e+00   4.4193306e-01
   1.5800000e+02  -5.9414955e+00   3.8486037e+01   1.6743366e+01  -2.1820238e+00  -2.7172351e+00   8.7612245e-01
   1.5900000e+02  -5.9414955e+00   3.8486037e+01  -1.2319752e+02  -2.3173709e+00  -2.7334743e+00   1.1479657e+00
   1.6000000e+02  -5.9414955e+00   3.8486037e+01  -2.2128655e+02  -2.5436331e+00  -2.7611896e+00   5.3310577e-01
   1.6100000e+02  -5.9414955e+00   3.8486037e+01  -2.5763066e+02  -2.8334972e+00  -2.8029704e+00  -3.4520840e-01
   1.6200000e+02  -5.9414955e+00   3.8486037e+01  -2.6544294e+02  -3.1725562e+00  -2.8542941e+00  -9.9304674e-01
   1.6300000e+02  -5.9414955e+00   3.8486037e+01  -2.2961500e+02  -3.5144290e+00  -2.9143343e+00  -1.0587096e+00
   1.6400000e+02  -5.9414955e+00   3.8486037e+01  -1.1315811e+02  -3.8803082e+00  -2.9754057e+00  -7.6887147e-01
   1.6500000e+02  -5.9414955e+00   3.8486037e+01  -8.9584355e+01  -4.2732032e+00  -3.0382333e+00  -5.4613156e-01
   1.6600000e+02  -5.9414955e+00   3.8486037e+01  -1.6788826e+02  -4.5894417e+00  -3.1011802e+00  -3.5573334e-01
   1.6700000e+02  -5.9414955e+00   3.8486037e+01  -1.6175502e+02  -4.8217838e+00  -3.1618087e+00   6.1023007e-02
   1.6800000e+02  -5.9414955e+00   3.8486037e+01  -1.7178816e+02  -5.0041132e+00  -3.2252650e+00   3.8093812e-01
   1.6900000e+02  -5.9414955e+00   3.8486037e+01  -1.8226492e+02  -5.1832967e+00  -3.2864387e+00   1.7112233e-01
   1.7000000e+02  -5.9414955e+00   3.8486037e+01  -1.9918586e+02  -5.3951333e+00  -3.3477989e+00  -5.0736070e-02
   1.7100000e+02  -5.9414955e+00   3.8486037e+01  -1.1820543e+02  -5.6292313e+00  -3.4090577e+00  -4.8103042e-01
   1.7200000e+02  -5.9414955e+00   3.8486037e+01   4.2337260e+01  -5.8618299e+00  -3.4678311e+00  -6.5066134e-01
   1.7300000e+02  -5.9414955e+00   3.8486037e+01   1.4270776e+02  -6.0958493e+00  -3.5237612e+00  -9.8239587e-01
   1.7400000e+02  -5.9414955e+00   3.8486037e+01   9.4797592e+01  -6.3016628e+00  -3.5726986e+00  -1.3020952e+00
   1.7500000e+02  -5.9414955e+00   3.8486037e+01   9.3259423e+01  -6.4550713e+00  -3.6158227e+00  -1.3910281e+00
   1.7600000e+02  -5.9414955e+00   3.8486037e+01   9.2181425e+01  -6.6101435e+00  -3.6567056e+00  -1.4762083e+00
   1.7700000e+02  -5.9414955e+00   3.8486037e+01   5.0502807e+01  -6.7477784e+00  -3.6904607e+00  -1.0820701e+00
   1.7800000e+02  -5.9414955e+00   3.8486037e+01  -3.8796636e+01  -6.8567144e+00  -3.7294931e+00  -5.7858992e-01
   1.7900000e+02  -5.9414955e+00   3.8486037e+01  -1.1780581e+02  -6.9542539e+00  -3.7682778e+00  -1.5075548e-01
   1.8000000e+02  -5.9414955e+00   3.8486037e+01  -1.0479731e+02  -7.0030535e+00  -3.8089194e+00  -2.1442546e-01
   1.8100000e+02  -5.9414955e+00   3.8486037e+01   1.1467527e+01  -7.0002494e+00  -3.8483617e+00  -2.8060695e-01
   1.8200000e+02  -5.9414955e+00   3.8486037e+01   1.4703109e+02  -7.0424944e+00  -3.8860789e+00  -3.3122018e-01
   1.8300000e+02  -5.9414955e+00   3.8486037e+01   2.0085687e+02  -7.1148105e+00  -3.9158497e+00  -1.5361196e-01
   1.8400000e+02  -5.9414955e+00   3.8486037e+01   2.8451205e+02  -7.2283419e+00  -3.9421650e+00   4.4489518e-03
   1.8500000e+02  -5.9414955e+00   3.8486037e+01   2.5194493e+02  -7.3351523e+00  -3.9693986e+00   1.3053643e-01
   1.8600000e+02  -5.9414955e+00   3.8486037e+01   7.8552448e+01  -7.4391507e+00  -3.9930473e+00   1.6788469e-02
   1.8700000e+02  -5.9414955e+00   3.8486037e+01  -1.0040392e+02  -7.5202072e+00  -4.0114760e+00  -2.9241077e-01
   1.8800000e+02  -5.9414955e+00   3.8486037e+01  -6.9621790e+01  -7.6229604e+00  -4.0327758e+00  -5.0584253e-01
   1.8900000e+02  -5.9414955e+00   3.8486037e+01   9.8725122e+00  -7.7606074e+00  -4.0576446e+00  -5.6760193e-01
   1.9000000e+02  -5.9414955e+00   3.8608872e+01   1.3257105e+02  -7.9420617e+00  -4.0768980e+00  -6.1446786e-01
   1.9100000e+02  -5.9414955e+00   3.3328110e+01   2.9584169e+02  -8.1314238e+00  -4.1004371e+00  -5.8890391e-01
   1.9200000e+02  -5.9414955e+00   1.8591001e+01   3.6127255e+02  -8.2771163e+00  -4.1239405e+00  -5.4259853e-01
   1.9300000e+02  -5.9414955e+00   1.8486037e+01   1.6114852e+02  -8.4001404e+00  -4.1384218e+00  -4.9048370e-01
   1.9400000e+02  -5.9414955e+00   1.8486037e+01  -1.7444215e+02  -8.4972933e+00  -4.1425446e+00  -3.8517523e-01
   1.9500000e+02  -5.9414955e+00   1.8486037e+01  -1.6342798e+02  -8.5170391e+00  -4.1313955e+00  -3.2165503e-01
   1.9600000e+02  -5.9414955e+00   1.8486037e+01   1.7667520e+02  -8.5212170e+00  -4.1036255e+00  -3.1931343e-01
   1.9700000e+02  -5.9414955e+00   1.8486037e+01   3.4147671e+02  -8.5103348e+00  -4.0700943e+00  -4.2225677e-01
   1.9800000e+02  -5.9414955e+00   1.8486037e+01   2.3949087e+02  -8.4660673e+00  -4.0205529e+00  -6.4743553e-01
   1.9900000e+02  -5.9414955e+00   1.8486037e+01  -4.7128399e+01  -8.4108250e+00  -3.9718966e+00  -6.4587549e-01
   2.0000000e+02  -5.9414955e+00   1.8486037e+01  -8.3510735e+01  -8.3657690e+00  -3.9237934e+00  -3.5497267e-01
   2.0100000e+02  -5.9414955e+00   1.8486037e+01   4.0750144e+02  -8.2857013e+00  -3.8720192e+00   3.7739723e-02
   2.0200000e+02  -5.9414955e+00   1.8486037e+01   4.5844170e+02  -8.1435292e+00  -3.8178374e+00   6.3379195e-01
   2.0300000e+02  -5.9414955e+00   1.8486037e+01   2.6595814e+02  -8.0351123e+00  -3.7647071e+00   1.0653189e+00
   2.0400000e+02  -5.9414955e+00   1.8486037e+01  -2.0303058e+02  -8.0267295e+00  -3.7078512e+00   1.2171052e+00
   2.0500000e+02  -5.9414955e+00   1.8486037e+01  -5.4232752e+02  -8.0617956e+00  -3.6634171e+00   1.4057904e+00
   2.0600000e+02  -5.9414955e+00   1.8486037e+01  -4.2611463e+02  -8.1285943e+00  -3.6224826e+00   1.6342426e+00
   2.0700000e+02  -5.9414955e+00   1.8486037e+01  -2.8286789e+02  -8.1860503e+00  -3.5843777e+00   1.6815140e+00
   2.0800000e+02  -5.9414955e+00   1.8486037e+01  -9.7181062e+01  -8.2091911e+00  -3.5437353e+00   1.2867385e+00
   2.0900000e+02  -5.9414955e+00   1.8486037e+01  -5.3056137e+01  -8.2090076e+00  -3.5078438e+00   1.1027267e+00
   2.1000000e+02  -5.9414955e+00   1.8486037e+01  -1.7361494e+01  -8.2019576e+00  -3.4640962e+00   1.3162035e+00
   2.1100000e+02  -5.9414955e+00   1.8486037e+01  -4.4607687e+00  -8.2024538e+00  -3.4315028e+00   1.7252996e+00
   2.1200000e+02  -5.9414955e+00   1.8486037e+01   1.1024869e+02  -8.2289503e+00  -3.4014071e+00   2.0953885e+00
   2.1300000e+02  -5.9414955e+00   1.8486037e+01   1.3164542e+02  -8.2999935e+00  -3.3879892e+00   2.0346602e+00
   2.1400000e+02  -5.9414955e+00   1.8486037e+01   1.3926003e+02  -8.3395892e+00  -3.3810654e+00   1.4119408e+00
   2.1500000e+02  -5.9414955e+00   1.8486037e+01  -5.8787156e+01  -8.3100756e+00  -3.3740706e+00   9.3969473e-01
   2.1600000e+02  -5.9414955e+00   1.8486037e+01  -2.0696500e+02  -8.2557876e+00  -3.3676528e+00   7.3689427e-01
   2.1700000e+02  -5.9414955e+00   1.8486037e+01  -3.2135724e+02  -8.2005103e+00  -3.3631941e+00   1.0486868e+00
   2.1800000e+02  -5.9414955e+00   1.8486037e+01  -2.6767282e+02  -8.0684449e+00  -3.3589569e+00   1.1533698e+00
   2.1900000e+02  -5.9414955e+00   1.8486037e+01  -1.2170555e+02  -7.8871086e+00  -3.3538568e+00   1.1949995e+00
   2.2000000e+02  -5.9414955e+00   1.8486037e+01  -9.8935058e+01  -7.7528251e+00  -3.3471515e+00   1.1951475e+00
   2.2100000e+02  -5.9414955e+00   1.8486037e+01  -1.0149924e+02  -7.6944058e+00  -3.3340570e+00   9.9486639e-01
   2.2200000e+02  -5.9414955e+00   1.8486037e+01  -9.4282627e+01  -7.6835681e+00  -3.3188010e+00   1.2008996e+00
   2.2300000e+02  -5.9414955e+00   1.8486037e+01  -1.9695508e+01  -7.6872164e+00  -3.2990967e+00   1.8219931e+00
   2.2400000e+02  -5.9414955e+00   1.8486037e+01  -7.2697455e+01  -7.6742139e+00  -3.2796560e+00   1.9518954e+00
   2.2500000e+02  -5.9414955e+00   1.8486037e+01  -1.5936622e+02  -7.6495573e+00  -3.2619772e+00   2.0940302e+00
   2.2600000e+02  -5.7775171e+00   1.8486037e+01  -1.7785372e+02  -7.6308179e+00  -3.2534000e+00   1.9331846e+00
   2.2700000e+02  -1.0093787e+00   1.8486037e+01  -1.5662255e+02  -7.6121694e+00  -3.2498372e+00   1.8414715e+00
   2.2800000e+02   8.0825757e-02   1.8486037e+01  -1.4675937e+02  -7.5764316e+00  -3.2474647e+00   1.5379315e+00
   2.2900000e+02   5.8504500e-02   1.8486037e+01  -1.7300182e+02  -7.4860255e+00  -3.2450798e+00   1.1488484e+00
   2.3000000e+02   5.8504500e-02   1.8486037e+01  -1.6178978e+02  -7.3808157e+00  -3.2419260e+00   8.1537315e-01
   2.3100000e+02   5.8504500e-02   1.8486037e+01  -1.0795175e+02  -7.2483675e+00  -3.2226241e+00   7.1275166e-01
   2.3200000e+02   5.8504500e-02   1.8486037e+01  -5.1929673e+01  -7.0861244e+00  -3.1796678e+00   1.0108471e+00
   2.3300000e+02   5.8504500e-02   1.8486037e+01  -3.0700719e+01  -6.9036641e+00  -3.1257148e+00   1.3844462e+00
   2.3400000e+02   5.8504500e-02   1.8486037e+01  -3.3396222e+01  -6.7075622e+00  -3.0672714e+00   1.5761844e+00
   2.3500000e+02   5.8504500e-02   1.8486037e+01  -2.9798041e+01  -6.5384971e+00  -3.0089812e+00   1.2171113e+00
   2.3600000e+02   5.8504500e-02   1.8486037e+01   9.9345646e+00  -6.3983432e+00  -2.9565965e+00   9.8220381e-01
   2.3700000e+02   1.2409728e-01   1.8486037e+01   1.1065353e+02  -6.2823692e+00  -2.9128483e+00   8.4422575e-01
   2.3800000e+02  -2.6352975e+00   1.8486037e+01   1.4749054e+02  -6.0698105e+00  -2.8680053e+00   6.2919415e-01
   2.3900000e+02  -6.0070883e+00   1.8486037e+01   1.4937358e+02  -5.8606778e+00  -2.8231363e+00   5.5041133e-01
   2.4000000e+02  -5.9414955e+00   1.8486037e+01  -1.6296931e+01  -5.8359238e+00  -2.7710760e+00   7.6032671e-01
   2.4100000e+02  -5.9414955e+00   1.8486037e+01  -1.4355693e+02  -5.9348492e+00  -2.7324005e+00   9.9019621e-01
   2.4200000e+02  -5.9414955e+00   1.8486037e+01  -1.2978275e+02  -6.1017488e+00  -2.7165659e+00   1.2055491e+00
   2.4300000e+02  -5.9414955e+00   1.8486037e+01  -6.5899300e+01  -6.2738841e+00  -2.7227995e+00   1.4877777e+00
   2.4400000e+02  -5.9414955e+00   1.8486037e+01   3.8838949e+01  -6.3740674e+00  -2.7318631e+00   1.5782607e+00
   2.4500000e+02  -5.9414955e+00   1.8486037e+01   1.5759244e+02  -6.3707087e+00  -2.7560571e+00   1.3405980e+00
   2.4600000e+02  -5.9414955e+00   1.8486037e+01   1.8647902e+02  -6.3611371e+00  -2.7846450e+00   1.1002764e+00
   2.4700000e+02  -5.9414955e+00   1.8486037e+01   3.4932062e+02  -6.3775331e+00  -2.8093834e+00   1.2632855e+00
   2.4800000e+02  -5.9414955e+00   1.8486037e+01   5.6315840e+02  -6.3631914e+00  -2.8275554e+00   1.5013878e+00
   2.4900000e+02  -6.0070883e+00   1.8486037e+01   6.6915723e+02  -6.3445914e+00  -2.8412181e+00   1.8806200e+00
   2.5000000e+02  -3.2476935e+00   1.8486037e+01   4.9142205e+02  -6.3353348e+00  -2.8518059e+00   2.1543694e+00
   2.5100000e+02   1.2409728e-01   1.8486037e+01   2.5815484e+02  -6.3524535e+00  -2.8571598e+00   1.7992688e+00
   2.5200000e+02   5.8504500e-02   1.8486037e+01   1.2098468e+02  -6.3170372e+00  -2.8599566e+00   1.5005997e+00
   2.5300000e+02   5.8504500e-02   1.8486037e+01   1.2840547e+02  -6.2025518e+00  -2.8542259e+00   1.4548986e+00
   2.5400000e+02   5.8504500e-02   1.8486037e+01   9.3968591e+01  -6.0816494e+00  -2.8407387e+00   1.7487452e+00
   2.5500000e+02   5.8504500e-02   1.8486037e+01   4.4106809e+01  -5.9117728e+00  -2.8105458e+00   1.6763723e+00
   2.5600000e+02   5.8504500e-02   1.8486037e+01   4.1987768e+01  -5.6786287e+00  -2.7673315e+00   1.5090289e+00
   2.5700000e+02   5.8504500e-02   1.8486037e+01   2.6204942e+01  -5.4705656e+00  -2.7083405e+00   1.6547728e+00
   2.5800000e+02   5.8504500e-02   1.8486037e+01  -1.9091581e+02  -5.2845737e+00  -2.6493903e+00   2.0202361e+00
   2.5900000e+02   5.8504500e-02   1.8486037e+01  -4.0909883e+02  -5.1137124e+00  -2.5873216e+00   1.7411967e+00
   2.6000000e+02   5.8504500e-02   1.8486037e+01  -1.8702932e+02  -4.9625400e+00  -2.5187478e+00   1.3159815e+00
   2.6100000e+02   5.8504500e-02   1.8486037e+01   6.7157099e+01  -4.8633795e+00  -2.4580674e+00   1.4324712e+00
   2.6200000e+02   5.8504500e-02   1.8486037e+01   2.6646753e+02  -4.7875213e+00  -2.3997225e+00   2.0496093e+00
   2.6300000e+02   5.8504500e-02   1.8486037e+01   1.7595571e+02  -4.6934292e+00  -2.3458172e+00   2.2980104e+00
   2.6400000e+02   5.8504500e-02   1.8486037e+01  -1.9952858e+02  -4.6333778e+00  -2.2953321e+00   1.9904795e+00
   2.6500000e+02   5.8504500e-02   1.8486037e+01  -4.0204415e+02  -4.6041940e+00  -2.2475717e+00   1.2818666e+00
   2.6600000e+02   5.8504500e-02   1.8486037e+01  -4.8124836e+02  -4.5712234e+00  -2.2062663e+00   8.0280474e-01
   2.6700000e+02   5.8504500e-02   1.8486037e+01  -4.2715439e+02  -4.5463445e+00  -2.1711909e+00   5.5464730e-01
   2.6800000e+02   5.8504500e-02   1.8486037e+01  -3.1915891e+02  -4.5388665e+00  -2.1422155e+00   8.4479959e-01
   2.6900000e+02   5.8504500e-02   1.8486037e+01  -2.3014777e+02  -4.5335858e+00  -2.1221270e+00   1.3831701e+00
   2.7000000e+02   5.8504500e-02   1.8486037e+01  -1.7761185e+02  -4.5344445e+00  -2.1107958e+00   1.7985135e+00
   2.7100000e+02   5.8504500e-02   1.8486037e+01  -2.0182974e+02  -4.5386206e+00  -2.1038455e+00   1.6356609e+00
   2.7200000e+02   5.8504500e-02   1.8451383e+01  -2.8312846e+02  -4.5475686e+00  -2.0978496e+00   1.0707229e+00
   2.7300000e+02   5.8504500e-02   2.0735860e+01  -2.3819462e+02  -4.5800689e+00  -2.0848419e+00   9.5255573e-01
   2.7400000e+02   5.8504500e-02   3.7236864e+01  -1.6040845e+02  -4.6330348e+00  -2.0689177e+00   1.0670807e+00
   2.7500000e+02   5.8504500e-02   3.8486037e+01  -1.9171600e+02  -4.7039323e+00  -2.0639527e+00   1.0967564e+00
   2.7600000e+02   5.8504500e-02   3.8486037e+01  -2.9799575e+02  -4.7617219e+00  -2.0770159e+00   8.7520589e-01
   2.7700000e+02   5.8504500e-02   3.8486037e+01  -3.0997361e+02  -4.7554031e+00  -2.0999236e+00   6.5921227e-01
   2.7800000e+02   5.8504500e-02   3.8486037e+01  -2.4596777e+02  -4.6670179e+00  -2.1425439e+00   9.9578150e-01
   2.7900000e+02   5.8504500e-02   3.8486037e+01  -1.7027384e+02  -4.5978435e+00  -2.1959479e+00   1.1238958e+00
   2.8000000e+02   5.8504500e-02   3.8486037e+01  -2.0661960e+02  -4.5382677e+00  -2.2598078e+00   5.5114193e-01
   2.8100000e+02   5.8504500e-02   3.8486037e+01  -2.2844753e+02  -4.4456091e+00  -2.3274586e+00  -1.1963714e-01
   2.8200000e+02   5.8504500e-02   3.8486037e+01  -1.1429173e+02  -4.3405034e+00  -2.3954078e+00  -3.0098027e-01
   2.8300000e+02   5.8504500e-02   3.8486037e+01  -3.5501099e+01  -4.1750335e+00  -2.4573615e+00  -4.4154390e-01
   2.8400000e+02   5.8504500e-02   3.8486037e+01  -6.6064021e+01  -4.0412734e+00  -2.5082765e+00  -4.2245213e-01
   2.8500000e+02   5.8504500e-02   3.8486037e+01  -9.4870888e+01  -3.9284339e+00  -2.5571826e+00  -3.4286719e-01
   2.8600000e+02  -2.3484713e-02   3.7119550e+01  -1.2374659e+02  -3.8137637e+00  -2.6062366e+00  -2.6239639e-01
   2.8700000e+02  -2.4075539e+00  -2.6149355e+00  -1.5349076e+02  -3.8097633e+00  -2.6469726e+00  -3.5787282e-01
   2.8800000e+02  -2.9526561e+00  -1.1699973e+01  -9.7504978e+01  -4.0416930e+00  -2.6603562e+00  -5.7405404e-01
   2.8900000e+02  -2.9414955e+00  -1.1513963e+01   5.4115630e+01  -4.2749036e+00  -2.6402943e+00  -6.9574215e-01
   2.9000000e+02  -2.9414955e+00  -1.1513963e+01   2.3416532e+02  -4.3915235e+00  -2.5720586e+00  -5.7966358e-01
   2.9100000e+02  -2.9414955e+00  -1.1513963e+01   3.3588486e+02  -4.4311505e+00  -2.4621855e+00  -5.3633276e-01
   2.9200000e+02  -2.9414955e+00  -1.1513963e+01   3.7636319e+02  -4.4048023e+00  -2.3040219e+00  -2.5851207e-01
   2.9300000e+02  -2.9414955e+00  -1.1513963e+01   3.5527068e+02  -4.3405150e+00  -2.1514995e+00  -2.6788722e-02
   2.9400000e+02  -2.9414955e+00  -1.1513963e+01   1.8796353e+02  -4.2442948e+00  -2.0148873e+00  -1.9256396e-01
   2.9500000e+02  -2.9414955e+00  -1.1513963e+01  -6.4388964e+01  -4.1215505e+00  -1.8830666e+00  -5.5391696e-01
   2.9600000e+02  -2.9414955e+00  -1.1513963e+01  -2.2233085e+02  -3.9901156e+00  -1.7617731e+00  -3.5688189e-01
   2.9700000e+02  -2.9414955e+00  -1.1513963e+01  -2.2368175e+02  -3.9824367e+00  -1.6526917e+00  -2.2619183e-02
   2.9800000e+02  -2.9414955e+00  -1.1513963e+01  -8.3468368e+01  -4.0455080e+00  -1.5570429e+00   2.5173389e-01
   2.9900000e+02  -2.9414955e+00  -1.1513963e+01   1.2116071e+01  -4.1112039e+00  -1.4727452e+00   3.7581868e-01
   3.0000000e+02  -2.9414955e+00  -1.1513963e+01   6.8109148e+01  -4.1763685e+00  -1.4007949e+00   8.3058389e-02
   3.0100000e+02  -2.9414955e+00  -1.1513963e+01   1.5521062e+02  -4.1900123e+00  -1.3234669e+00   8.2820107e-02
   3.0200000e+02  -2.9414955e+00  -1.1513963e+01   2.3426947e+02  -4.1695999e+00  -1.2471376e+00  -9.8894462e-04
   3.0300000e+02  -2.9414955e+00  -1.1513963e+01   4.0726008e+02  -4.1965207e+00  -1.1591437e+00  -7.6468589e-03
   3.0400000e+02  -2.9414955e+00  -1.1513963e+01   5.1515142e+02  -4.3050070e+00  -1.0726459e+00   4.0256850e-03
   3.0500000e+02  -2.9414955e+00  -1.1513963e+01   4.5959141e+02  -4.4443351e+00  -9.9445597e-01   2.9027614e-01
   3.0600000e+02  -2.9414955e+00  -1.1513963e+01   4.5557996e+02  -4.5399403e+00  -9.2587552e-01   9.4940504e-01
   3.0700000e+02  -2.9414955e+00  -1.1513963e+01   4.1484668e+02  -4.5453733e+00  -8.5486162e-01   1.1954542e+00
   3.0800000e+02  -2.9414955e+00  -1.1513963e+01   3.7653814e+02  -4.5015359e+00  -7.8548941e-01   9.9316509e-01
   3.0900000e+02  -2.9414955e+00  -1.1513963e+01   3.5617789e+02  -4.4748658e+00  -7.2426303e-01   9.0482262e-01
   3.1000000e+02  -2.9414955e+00  -1.1513963e+01   1.6709626e+02  -4.4467179e+00  -6.6757125e-01   9.5906552e-01
   3.1100000e+02  -2.9414955e+00  -1.1513963e+01  -5.6087357e+01  -4.4164280e+00  -6.1355073e-01   1.1185486e+00
   3.1200000e+02  -2.9414955e+00  -1.1513963e+01  -1.7822442e+02  -4.3538012e+00  -5.5777385e-01   9.2219419e-01
   3.1300000e+02  -2.9414955e+00  -1.1513963e+01  -2.0040430e+02  -4.1860706e+00  -5.0802676e-01   8.0015831e-01
   3.1400000e+02  -2.9414955e+00  -1.1513963e+01  -1.2645740e+02  -4.0523255e+00  -4.5392326e-01   1.0892117e+00
   3.1500000e+02  -2.9414955e+00  -1.1513963e+01  -1.1741963e+01  -3.9568026e+00  -3.8913872e-01   1.8156866e+00
   3.1600000e+02  -2.9414955e+00  -1.1513963e+01  -4.4773384e+01  -3.8460995e+00  -3.3874449e-01   2.2558152e+00
   3.1700000e+02  -2.9414955e+00  -1.1513963e+01  -6.4130895e+01  -3.7028092e+00  -2.9336901e-01   2.7305008e+00
   3.1800000e+02  -2.9414955e+00  -1.1513963e+01  -2.9216403e+01  -3.5690252e+00  -2.6192698e-01   2.7111496e+00
   3.1900000e+02  -2.9414955e+00  -1.1513963e+01   1.3189703e+02  -3.4856898e+00  -2.3437210e-01   2.6405267e+00
   3.2000000e+02  -2.9414955e+00  -1.1513963e+01   1.9882413e+02  -3.3840701e+00  -2.0870030e-01   2.1300664e+00
   3.2100000e+02  -2.9414955e+00  -1.1513963e+01   9.0604587e+01  -3.2657842e+00  -1.8905070e-01   2.4510450e+00
   3.2200000e+02  -2.9414955e+00  -1.1513963e+01  -8.7115767e+01  -3.1750284e+00  -1.6915318e-01   2.4786084e+00
   3.2300000e+02  -2.9414955e+00  -1.1513963e+01  -9.5402628e+01  -3.1028849e+00  -1.5265607e-01   2.6748485e+00
   3.2400000e+02  -2.9414955e+00  -1.1513963e+01  -7.7414952e+01  -3.0590403e+00  -1.4085795e-01   2.1767203e+00
   3.2500000e+02  -2.9414955e+00  -1.1513963e+01  -9.1196084e+01  -3.0379049e+00  -1.4188689e-01   1.8986444e+00
   3.2600000e+02  -2.9414955e+00  -1.1513963e+01  -1.3173063e+02  -3.0168115e+00  -1.5506302e-01   2.0392739e+00
   3.2700000e+02  -2.9414955e+00  -1.1513963e+01  -1.3436402e+02  -2.9959509e+00  -1.7182130e-01   2.2620515e+00
   3.2800000e+02  -2.8595063e+00  -1.1513963e+01  -1.8055319e+02  -3.0425203e+00  -1.9391954e-01   2.2403772e+00
   3.2900000e+02  -4.7543712e-01  -1.1513963e+01  -3.3394153e+02  -3.0870869e+00  -2.1605366e-01   1.8426119e+00
   3.3000000e+02   6.9665128e-02  -1.1513963e+01  -2.3338713e+02  -3.0045816e+00  -2.3634217e-01   1.5396948e+00
   3.3100000e+02   5.8504500e-02  -1.1513963e+01   7.4410232e+00  -2.8825480e+00  -2.5462152e-01   1.2839372e+00
   3.3200000e+02   5.8504500e-02  -1.1513963e+01   1.1312357e+02  -2.7735403e+00  -2.5714252e-01   1.0796964e+00
   3.3300000e+02   5.8504500e-02  -1.1513963e+01   7.9269636e+01  -2.6060790e+00  -2.5493189e-01   8.3454524e-01
   3.3400000e+02   5.8504500e-02  -1.1513963e+01  -9.9249243e+01  -2.3933021e+00  -2.5281973e-01   4.3382099e-01
   3.3500000e+02   5.8504500e-02  -1.1513963e+01  -2.6183859e+02  -2.1994595e+00  -2.5070757e-01   1.0328662e-01
   3.3600000e+02   5.8504500e-02  -1.1513963e+01  -2.4818049e+02  -1.9324371e+00  -2.4859542e-01  -1.1081955e-01
   3.3700000e+02   5.8504500e-02  -1.1513963e+01  -1.2132390e+02  -1.5839740e+00  -2.4648326e-01  -1.7462173e-01
   3.3800000e+02   5.8504500e-02  -1.1513963e+01  -3.7702754e+01  -1.3258619e+00  -2.4437113e-01  -1.1466599e-01
   3.3900000e+02   5.8504500e-02  -1.1513963e+01  -7.8393523e+01  -1.2077684e+00  -2.4218953e-01  -2.3704772e-01
   3.4000000e+02   5.8504500e-02  -1.1513963e+01  -4.1976822e+01  -1.2165975e+00  -2.3275970e-01  -4.6939478e-01
   3.4100000e+02   5.8504500e-02  -1.1513963e+01  -4.6655721e+01  -1.3355919e+00  -2.1322537e-01  -5.2693038e-01
   3.4200000e+02   5.8504500e-02  -1.1513963e+01   8.6471646e+01  -1.5001435e+00  -1.8582803e-01  -1.0425069e-01
   3.4300000e+02   5.8504500e-02  -1.1513963e+01   1.8507956e+02  -1.6208620e+00  -1.5092215e-01   9.0573582e-02
   3.4400000e+02   5.8504500e-02  -1.1513963e+01   3.5701610e+02  -1.6761770e+00  -1.1244879e-01   1.4876466e-01
   3.4500000e+02   5.8504500e-02  -1.1513963e+01   4.0732906e+02  -1.7367670e+00  -6.8817116e-02  -1.2245825e-01
   3.4600000e+02   5.8504500e-02  -1.1513963e+01   4.7819828e+02  -1.8400170e+00  -3.0684131e-02  -2.4558224e-01
   3.4700000e+02   5.8504500e-02  -1.1513963e+01   5.1266306e+02  -1.9397895e+00   1.1369662e-03  -1.0975459e-01
   3.4800000e+02   5.8504500e-02  -1.1513963e+01   5.4995051e+02  -2.0273101e+00   2.1547106e-02   7.4266347e-02
   3.4900000e+02   5.8504500e-02  -1.1513963e+01   2.3428133e+02  -2.0505496e+00   3.4891130e-02   2.5230307e-01
   3.5000000e+02   5.8504500e-02  -1.1513963e+01  -7.2393451e+01  -1.9999593e+00   5.0117664e-02   3.9145411e-01
   3.5100000e+02   5.8504500e-02  -1.1513963e+01  -3.1191091e+02  -1.9154034e+00   6.3575011e-02   3.3756363e-01
   3.5200000e+02   5.8504500e-02  -1.1513963e+01  -4.4689410e+02  -1.8623458e+00   7.1065937e-02   1.9306259e-01
   3.5300000e+02   5.8504500e-02  -1.1513963e+01  -4.0239760e+02  -1.8178370e+00   6.7166725e-02   2.4609940e-03
   3.5400000e+02   5.8504500e-02  -1.1513963e+01  -2.8691598e+02  -1.7968681e+00   5.9871092e-02   8.2720116e-02
   3.5500000e+02   5.8504500e-02  -1.1513963e+01  -3.3451234e+01  -1.8341071e+00   5.2766628e-02   2.4668621e-01
   3.5600000e+02   5.8504500e-02  -1.1513963e+01   1.0660478e+02  -1.8868492e+00   5.3783010e-02   2.0524277e-01
   3.5700000e+02   5.8504500e-02  -1.1513963e+01   1.2607852e+02  -1.9184512e+00   5.7166474e-02   2.6485289e-01
   3.5800000e+02   5.8504500e-02  -1.1513963e+01  -1.9418867e+01  -1.9526316e+00   6.1602748e-02   5.0339663e-01
   3.5900000e+02   5.8504500e-02  -1.1513963e+01  -1.6231416e+02  -2.0211866e+00   7.4005920e-02   1.0223200e+00
   3.6000000e+02   5.8504500e-02  -1.1513963e+01  -1.9117750e+02  -2.0326512e+00   9.1910950e-02   1.7629666e+00
   3.6100000e+02   5.8504500e-02  -1.1513963e+01  -1.7583745e+02  -1.9826568e+00   1.2560539e-01   2.2213223e+00
   3.6200000e+02   5.8504500e-02  -1.1513963e+01  -8.3798086e+01  -1.9297545e+00   1.6327923e-01   2.1401015e+00
   3.6300000e+02   5.8504500e-02  -1.1513963e+01   1.3042498e+02  -1.8561103e+00   2.0647666e-01   1.7578973e+00
   3.6400000e+02   5.8504500e-02  -1.1513963e+01   1.9673361e+02  -1.5989045e+00   2.5384611e-01   1.8256406e+00
   3.6500000e+02   5.8504500e-02  -1.1513963e+01   1.5030530e+02  -1.3490440e+00   3.0004817e-01   1.5734292e+00
   3.6600000e+02   5.8504500e-02  -1.1513963e+01  -5.8012860e+00  -1.2443697e+00   3.4273429e-01   1.3857652e+00
   3.6700000e+02   5.8504500e-02  -1.1513963e+01  -9.8306234e+01  -1.1839663e+00   3.7088309e-01   9.5278458e-01
   3.6800000e+02   5.8504500e-02  -1.1513963e+01  -8.9975814e+01  -1.2018386e+00   3.9013406e-01   7.7079290e-01
   3.6900000e+02   5.8504500e-02  -1.1513963e+01  -7.1827292e+01  -1.2242756e+00   4.0158975e-01   2.1059825e-01
   3.7000000e+02   5.8504500e-02  -1.1513963e+01  -1.4793500e+02  -1.0766997e+00   4.1692601e-01  -3.5499988e-03
   3.7100000e+02   5.8504500e-02  -1.1513963e+01  -2.2800309e+02  -8.4438277e-01   4.3119604e-01   8.7701549e-03
   3.7200000e+02   5.8504500e-02  -1.1513963e+01  -1.7912684e+02  -6.8478508e-01   4.5532171e-01   3.3759049e-01
   3.7300000e+02   5.8504500e-02  -1.1513963e+01  -7.1852622e+01  -5.7579899e-01   4.8135208e-01   6.9426298e-01
   3.7400000e+02   5.8504500e-02  -1.1513963e+01  -5.0975087e+01  -4.3246919e-01   5.0548233e-01   1.0541336e+00
   3.7500000e+02   5.8504500e-02  -1.1513963e+01  -5.2153110e+01  -3.1024157e-01   5.3325776e-01   9.9799509e-01
   3.7600000e+02   5.8504500e-02  -1.1513963e+01   1.6306164e+01  -2.1021850e-01   5.6267930e-01   1.1326575e+00
   3.7700000e+02   5.8504500e-02  -1.1513963e+01   1.7469085e+02  -3.3631449e-02   5.8853052e-01   1.3040698e+00
   3.7800000e+02   5.8504500e-02  -1.1513963e+01   1.9107712e+02   1.5309478e-01   6.1967838e-01   1.5121315e+00
   3.7900000e+02   4.6221017e-02  -1.1513963e+01   1.4595075e+01   2.8503151e-01   6.5703682e-01   1.7225477e+00
   3.8000000e+02   5.7429727e-01  -1.1513963e+01  -1.4351982e+02   3.3908737e-01   6.9220840e-01   1.6418019e+00
   3.8100000e+02   2.0480081e+00  -1.1513963e+01  -1.4058507e+02   3.1700651e-01   7.2031081e-01   1.6307828e+00
   3.8200000e+02   2.0585045e+00  -1.1513963e+01  -5.6263756e+01   2.5976459e-01   7.4025310e-01   1.3402153e+00
   3.8300000e+02   2.0585045e+00  -1.1513963e+01  -1.1478249e+02   2.0330419e-01   7.5578142e-01   1.1922881e+00
   3.8400000e+02   2.0585045e+00  -1.1513963e+01  -2.4675755e+02   1.5231461e-01   7.7255727e-01   9.8817570e-01
   3.8500000e+02   2.0585045e+00  -1.1513963e+01  -2.5044630e+02   1.8471899e-01   7.9269618e-01   8.0383745e-01
   3.8600000e+02   2.0585045e+00  -1.1513963e+01  -1.7984465e+02   2.4338107e-01   8.1339257e-01   9.1811792e-01
   3.8700000e+02   2.0585045e+00  -1.1513963e+01  -3.2401206e+01   2.7037712e-01   8.2704389e-01   1.0724565e+00
   3.8800000e+02   2.0585045e+00  -1.1513963e+01   1.3336129e+02   2.7934346e-01   8.2835141e-01   1.4332064e+00
   3.8900000e+02   2.0585045e+00  -1.1513963e+01   3.9856165e+02   2.9393005e-01   8.2214205e-01   1.9002301e+00
   3.9000000e+02   2.0585045e+00  -1.1513963e+01   5.6155843e+02   2.8190396e-01   8.0350218e-01   2.0697426e+00
   3.9100000e+02   2.0585045e+00  -1.1513963e+01   4.4801575e+02   2.5182787e-01   7.7487151e-01   1.8456075e+00
   3.9200000e+02   2.0585045e+00  -1.1513963e+01   1.6038064e+02   2.9344732e-01   7.4587412e-01   1.3836697e+00
   3.9300000e+02   2.0585045e+00  -1.1513963e+01   3.5270896e+01   3.3496356e-01   7.2498431e-01   1.2557110e+00
   3.9400000e+02   2.0585045e+00  -1.1513963e+01   1.8312713e+01   2.7974384e-01   7.0630415e-01   1.3486517e+00
   3.9500000e+02   2.0585045e+00  -1.1513963e+01   7.0033688e+01   2.0395863e-01   6.9211595e-01   1.4607633e+00
   3.9600000e+02   2.0585045e+00  -1.1513963e+01   1.4278995e+02   1.6977849e-01   6.9144162e-01   1.4610536e+00
   3.9700000e+02   2.0585045e+00  -1.1513963e+01   3.3031527e+02   1.5072184e-01   6.9662163e-01   1.7600912e+00
   3.9800000e+02   2.0585045e+00  -1.1513963e+01   3.5676179e+02   6.2304480e-02   7.0738521e-01   1.6206899e+00
   3.9900000e+02   2.0585045e+00  -1.1513963e+01   1.3730439e+02  -5.2337213e-02   7.3042603e-01   1.2365975e+00
   4.0000000e+02   2.0585045e+00  -1.1513963e+01   5.1273079e+01  -1.3316621e-01   7.5555905e-01   6.5029048e-01
   4.0100000e+02   2.0585045e+00  -1.1513963e+01   9.7255594e+01  -1.8775553e-01   7.8073969e-01   5.3221740e-01
   4.0200000e+02   2.0585045e+00  -1.1513963e+01   1.6432124e+02  -2.5427851e-01   8.0600893e-01   6.4064509e-01
   4.0300000e+02   2.0585045e+00  -1.1513963e+01   1.0167080e+02  -2.8385815e-01   8.3869284e-01   7.8833274e-01
   4.0400000e+02   2.0585045e+00  -1.1513963e+01   3.8626208e+00  -2.4730876e-01   8.7658872e-01   5.5140376e-01
   4.0500000e+02   2.0585045e+00  -1.1513963e+01  -1.3761510e+02  -1.7221689e-01   9.1561835e-01   3.9567743e-01
   4.0600000e+02   2.0585045e+00  -1.1513963e+01  -2.1318707e+02  -1.1836999e-01   9.5602776e-01   4.5211303e-01
   4.0700000e+02   2.0585045e+00  -1.1513963e+01  -3.3143899e+01  -1.0355143e-01   9.8379259e-01   5.5836632e-01
   4.0800000e+02   2.0585045e+00  -1.1513963e+01   1.4403502e+02  -1.0819245e-01   9.9136908e-01   4.3403749e-01
   4.0900000e+02   2.0585045e+00  -1.1513963e+01   2.4032307e+02  -8.8791264e-02   9.9369982e-01   2.1072662e-01
   4.1000000e+02   2.0585045e+00  -1.1513963e+01   6.9844337e+01  -7.2926086e-02   9.9609977e-01   3.4485409e-01
   4.1100000e+02   2.0585045e+00  -1.1513963e+01  -1.1412495e+02  -1.2692187e-01   9.9856018e-01   7.6255452e-01
   4.1200000e+02   2.0585045e+00  -1.1513963e+01  -9.3012121e+01  -1.3720869e-01   1.0071405e+00   1.3401816e+00
   4.1300000e+02   2.0585045e+00  -1.1513963e+01   1.2249974e+02  -9.5124133e-02   1.0268029e+00   1.9163235e+00
   4.1400000e+02   2.0585045e+00  -1.1513963e+01   1.6762220e+02  -3.2962141e-02   1.0529655e+00   1.8489423e+00
   4.1500000e+02   2.0585045e+00  -1.1513963e+01  -1.2425718e-01  -1.9352189e-02   1.0743298e+00   1.6114799e+00
   4.1600000e+02   2.0585045e+00  -1.1513963e+01  -3.0164129e+02  -5.6431356e-02   1.0906419e+00   9.8930620e-01
   4.1700000e+02   2.0585045e+00  -1.1513963e+01  -3.8838881e+02  -9.4875174e-02   1.1018675e+00   9.0042414e-01
   4.1800000e+02   2.0585045e+00  -1.1513963e+01  -2.4755703e+02  -7.4099850e-02   1.1135821e+00   5.7382564e-01
   4.1900000e+02   2.0585045e+00  -1.1513963e+01  -4.5625926e+01  -7.0693087e-02   1.1205517e+00   1.9898208e-01
   4.2000000e+02   2.0585045e+00  -1.1513963e+01   1.3608526e+02  -1.1178101e-01   1.1266986e+00  -3.8723596e-02
   4.2100000e+02   2.0585045e+00  -1.1513963e+01   8.9257502e+01  -1.6916575e-01   1.1335851e+00   5.1430094e-02
   4.2200000e+02   2.0585045e+00  -1.1513963e+01  -7.6841013e+01  -2.0455345e-01   1.1318983e+00   2.9730569e-01
   4.2300000e+02   2.0585045e+00  -1.1513963e+01  -1.2092066e+02  -1.8023268e-01   1.1276841e+00   6.5925582e-01
   4.2400000e+02   2.0585045e+00  -1.1513963e+01  -1.8522003e+01  -1.0657270e-01   1.1269850e+00   9.3514463e-01
   4.2500000e+02   2.0585045e+00  -1.1513963e+01   7.4770816e+01   2.5225293e-02   1.1297478e+00   9.1165392e-01
   4.2600000e+02   2.0585045e+00  -1.1513963e+01  -4.2005266e+01   2.9839448e-01   1.1325379e+00   2.9508128e-01
   4.2700000e+02   2.0585045e+00  -1.1513963e+01   1.2197079e+02   6.1472033e-01   1.1355789e+00  -2.3918319e-01
   4.2800000e+02   2.0585045e+00  -1.1513963e+01   1.0942131e+02   7.7058906e-01   1.1404079e+00  -5.1207259e-01
   4.2900000e+02   2.0585045e+00  -1.1513963e+01   8.3393499e+01   8.4028641e-01   1.1457575e+00  -6.0956497e-02
   4.3000000e+02   2.0585045e+00  -1.1513963e+01  -1.1572991e+02   8.6710002e-01   1.1518720e+00   5.1524859e-01
   4.3100000e+02   2.0585045e+00  -1.1513963e+01  -2.0047282e+02   8.8243028e-01   1.1583402e+00   9.0874646e-01
   4.3200000e+02   2.0585045e+00  -1.1513963e+01  -1.3351341e+02   9.1819950e-01   1.1574502e+00   5.8528473e-01
   4.3300000e+02   2.0585045e+00  -1.1513963e+01  -6.4969438e+01   1.0208074e+00   1.1525548e+00   4.8404188e-02
   4.3400000e+02   2.0585045e+00  -1.1513963e+01  -2.6119703e+01   1.1237507e+00   1.1477610e+00  -1.4689853e-01
   4.3500000e+02   2.0585045e+00  -1.1513963e+01  -4.2516993e+01   1.2426341e+00   1.1405248e+00  -2.5124457e-01
   4.3600000e+02   2.0585045e+00  -1.1513963e+01  -5.7950578e+00   1.4217759e+00   1.1248725e+00  -4.1416226e-01
   4.3700000e+02   2.0585045e+00  -1.1513963e+01  -4.6469436e+01   1.6023545e+00   1.1094730e+00  -6.1851991e-01
   4.3800000e+02   2.0585045e+00  -1.1513963e+01   9.4991365e+01   1.6920713e+00   1.0978495e+00  -6.8110128e-01
   4.3900000e+02   2.0585045e+00  -1.1513963e+01  -2.0107426e+01   1.7705112e+00   1.0901799e+00  -4.3142185e-01
   4.4000000e+02   2.0585045e+00  -1.1513963e+01  -1.2643994e+02   1.8772339e+00   1.0864497e+00  -9.6827302e-02
   4.4100000e+02   2.0585045e+00  -1.1513963e+01  -2.6621315e+02   1.9636986e+00   1.0889117e+00  -4.8248953e-02
   4.4200000e+02   2.0585045e+00  -1.1513963e+01  -2.7338481e+02   1.9760494e+00   1.0917098e+00  -1.9524167e-01
   4.4300000e+02   2.0585045e+00  -1.1513963e+01  -2.4119723e+02   2.0034817e+00   1.0947799e+00  -3.2861989e-01
   4.4400000e+02   2.0585045e+00  -1.1513963e+01  -1.0231325e+02   2.0472933e+00   1.1028301e+00  -4.2633590e-01
   4.4500000e+02   2.0585045e+00  -1.1513963e+01  -4.8870192e+00   2.0345079e+00   1.1159587e+00  -2.8292288e-01
   4.4600000e+02   2.0585045e+00  -1.1513963e+01  -2.3657071e+01   1.9847002e+00   1.1277203e+00  -3.6524182e-01
   4.4700000e+02   2.0585045e+00  -1.1513963e+01  -2.8872334e+01   1.9473216e+00   1.1440821e+00   2.4522428e-01
   4.4800000e+02   2.0585045e+00  -1.1513963e+01   3.0326630e+01   1.9411409e+00   1.1764279e+00   6.0912352e-01
   4.4900000e+02   2.0585045e+00  -1.1513963e+01   3.0803159e+02   1.9795881e+00   1.2164255e+00   6.6733145e-01
   4.5000000e+02   2.0585045e+00  -1.1513963e+01   6.0965737e+02   2.0047236e+00   1.2603124e+00   2.9484894e-01
   4.5100000e+02   2.0585045e+00  -1.1513963e+01   5.7885595e+02   1.9902959e+00   1.3003231e+00   3.8333924e-01
   4.5200000e+02   2.0585045e+00  -1.1513963e+01   1.7890029e+02   2.0504390e+00   1.3347957e+00   1.5482223e-01
   4.5300000e+02   2.0585045e+00  -1.1513963e+01  -6.0789995e+01   2.1366756e+00   1.3682763e+00   7.7058561e-02
   4.5400000e+02   2.0585045e+00  -1.1513963e+01   1.2967015e+01   2.2009862e+00   1.3985009e+00  -1.2499561e-01
   4.5500000e+02   2.0585045e+00  -1.1513963e+01   2.4545738e+02   2.2564162e+00   1.4261975e+00   9.5332238e-02
   4.5600000e+02   2.0585045e+00  -1.1513963e+01   2.4283508e+02   2.3486034e+00   1.4468022e+00   2.7397290e-01
   4.5700000e+02   2.0585045e+00  -1.1513963e+01   9.3572018e+01   2.4160115e+00   1.4660091e+00   4.1790041e-01
   4.5800000e+02   2.0585045e+00  -1.1513963e+01  -2.6871094e+02   2.3853391e+00   1.4828496e+00   7.4028453e-01
   4.5900000e+02   2.0585045e+00  -1.1513963e+01  -3.3655873e+02   2.3051914e+00   1.4890098e+00   1.0686778e+00
   4.6000000e+02   2.0585045e+00  -1.1513963e+01  -1.9614080e+02   2.3207324e+00   1.4852551e+00   1.5984743e+00
   4.6100000e+02   2.0585045e+00  -1.1513963e+01   1.1714315e+00   2.4899446e+00   1.4802423e+00   1.8832383e+00
   4.6200000e+02   2.0585045e+00  -1.1513963e+01   1.3246263e+02   2.6522434e+00   1.4727143e+00   1.4669379e+00
   4.6300000e+02   2.0585045e+00  -1.1513963e+01   8.2634596e+01   2.7035069e+00   1.4568304e+00   5.7075715e-01
   4.6400000e+02   2.0585045e+00  -1.1513963e+01   2.3689510e+01   2.6891988e+00   1.4371481e+00   5.5088549e-02
   4.6500000e+02   2.0585045e+00  -1.1513963e+01   1.0589292e+02   2.6569780e+00   1.4126169e+00   4.9276172e-01
   4.6600000e+02   2.0585045e+00  -1.1513963e+01   1.5100768e+02   2.5634562e+00   1.3925409e+00   8.8967528e-01
   4.6700000e+02   2.0585045e+00  -1.1513963e+01   1.6529077e+02   2.4231481e+00   1.3829009e+00   1.3563012e+00
   4.6800000e+02   2.0585045e+00  -1.1513963e+01   2.8229674e+01   2.3163103e+00   1.3828919e+00   1.7752679e+00
   4.6900000e+02   2.0585045e+00  -1.1513963e+01  -1.8369788e+02   2.3197255e+00   1.3871923e+00   1.6578530e+00
   4.7000000e+02   2.0585045e+00  -1.1513963e+01  -2.2932016e+02   2.3351266e+00   1.3871353e+00   9.7758454e-01
   4.7100000e+02   2.0585045e+00  -1.1513963e+01  -1.3490171e+02   2.2788806e+00   1.3790194e+00   4.4846175e-01
   4.7200000e+02   2.0585045e+00  -1.1513963e+01  -1.1340409e+02   2.2328497e+00   1.3591525e+00   2.8975180e-01
   4.7300000e+02   2.0585045e+00  -1.1513963e+01  -9.9950248e+01   2.2173721e+00   1.3370199e+00   2.9650465e-01
   4.7400000e+02   2.0585045e+00  -1.1513963e+01  -1.2787449e+02   2.2219265e+00   1.3214566e+00   2.4321370e-01
   4.7500000e+02   2.0585045e+00  -1.1513963e+01  -8.4818852e+01   2.2163744e+00   1.3101026e+00   2.2591365e-01
   4.7600000e+02   2.0585045e+00  -1.1513963e+01  -7.5748051e+01   2.1969147e+00   1.2963627e+00   6.4661607e-02
   4.7700000e+02   2.0585045e+00  -1.1513963e+01  -8.3162223e+01   2.1159720e+00   1.2857857e+00   1.3734807e-02
   4.7800000e+02   2.0585045e+00  -1.1513963e+01  -4.8860932e+01   1.9684332e+00   1.2788354e+00   7.2341926e-02
   4.7900000e+02   2.0585045e+00  -1.1513963e+01  -7.0834460e+01   1.8503048e+00   1.2728121e+00  -1.2748418e-01
   4.8000000e+02   2.0585045e+00  -1.1513963e+01  -1.1701744e+02   1.8316867e+00   1.2610668e+00  -2.3696330e-01
   4.8100000e+02   2.0585045e+00  -1.1513963e+01  -1.2364562e+02   1.8205588e+00   1.2513251e+00  -6.4709733e-01
   4.8200000e+02   2.0585045e+00  -1.1513963e+01  -2.4132184e+02   1.8272418e+00   1.2512083e+00  -5.8800181e-01
   4.8300000e+02   2.0585045e+00  -1.1513963e+01  -2.7831396e+02   1.8413186e+00   1.2536613e+00  -7.6091632e-01
   4.8400000e+02   2.0585045e+00  -1.1513963e+01  -2.5751888e+02   1.8490434e+00   1.2560573e+00  -9.7675745e-01
   4.8500000e+02   2.0585045e+00  -1.1513963e+01  -1.4863724e+02   1.8244227e+00   1.2586649e+00  -6.3219880e-01
   4.8600000e+02   2.0585045e+00  -1.1513963e+01  -1.1535182e+02   1.7626650e+00   1.2650195e+00  -2.7994335e-01
   4.8700000e+02   2.0585045e+00  -1.1513963e+01  -7.9962648e+01   1.7047512e+00   1.2713324e+00  -4.3299123e-01
   4.8800000e+02   2.0585045e+00  -1.1513963e+01  -6.9688550e+01   1.6640120e+00   1.2755294e+00  -5.8671360e-01
   4.8900000e+02   2.0585045e+00  -1.1513963e+01  -1.4870018e+02   1.6213542e+00   1.2805589e+00  -7.8160531e-01
   4.9000000e+02   2.0585045e+00  -1.1513963e+01  -1.8578526e+02   1.6099210e+00   1.2887991e+00  -8.2549322e-01
   4.9100000e+02   2.0585045e+00  -1.1513963e+01  -2.8248635e+02   1.6328495e+00   1.2992706e+00  -1.0181244e+00
   4.9200000e+02   2.0585045e+00  -1.1513963e+01  -3.3606676e+02   1.6436056e+00   1.3097994e+00  -1.1033758e+00
   4.9300000e+02   2.0585045e+00  -1.1513963e+01  -2.7858414e+02   1.6617695e+00   1.3185601e+00  -1.0643547e+00
   4.9400000e+02   2.0585045e+00  -1.1513963e+01  -2.5995302e+02   1.7379288e+00   1.3258564e+00  -7.9228177e-01
   4.9500000e+02   2.0585045e+00  -1.1513963e+01  -2.1590769e+02   1.8104577e+00   1.3299755e+00  -6.4373832e-01
   4.9600000e+02   2.0585045e+00  -1.1513963e+01  -6.7899431e+01   1.8447720e+00   1.3243859e+00  -2.3944999e-01
   4.9700000e+02   2.0585045e+00  -1.1513963e+01   1.7845738e+02   1.8758738e+00   1.3201550e+00  -5.2096313e-03
   4.9800000e+02   2.0585045e+00  -1.1513963e+01   4.0902259e+02   1.9444353e+00   1.3208762e+00   8.6388371e-02
   4.9900000e+02   2.0585045e+00  -1.1513963e+01   5.4409258e+02   1.9953391e+00   1.3218677e+00  -7.1068202e-02
   5.0000000e+02   2.0585045e+00  -1.1513963e+01   2.3349634e+02   1.9301934e+00   1.3228549e+00  -5.6243165e-01
   5.0100000e+02   2.0585045e+00  -1.1513963e+01   3.0177196e+00   1.8828617e+00   1.3238422e+00  -9.8453469e-01
   5.0200000e+02   2.0585045e+00  -1.1513963e+01  -1.4781321e+02   1.9362068e+00   1.3248294e+00  -9.7797608e-01
   5.0300000e+02   2.0585045e+00  -1.1513963e+01  -4.5920042e+01   2.0242393e+00   1.3258167e+00  -9.3053021e-01
   5.0400000e+02   2.0585045e+00  -1.1513963e+01   1.6548299e+02   2.1969588e+00   1.3268040e+00  -9.6206792e-01
   5.0500000e+02   2.0585045e+00  -1.1513963e+01   9.5126628e+01   2.3785752e+00   1.3277912e+00  -1.0064523e+00
   5.0600000e+02   2.0585045e+00  -1.1513963e+01  -1.0345960e+02   2.4921423e+00   1.3287649e+00  -8.7488798e-01
   5.0700000e+02   2.0585045e+00  -1.1513963e+01  -3.1603965e+02   2.6195207e+00   1.3303922e+00  -5.7358456e-01
   5.0800000e+02   2.0585045e+00  -1.1513963e+01  -1.5223140e+02   2.7655287e+00   1.3342683e+00  -4.6238961e-01
   5.0900000e+02   2.0585045e+00  -1.1513963e+01   9.4074197e+01   2.8057407e+00   1.3388172e+00  -5.7705085e-01
   5.1000000e+02   2.0585045e+00  -1.1513963e+01   2.9017458e+02   2.8307544e+00   1.3498695e+00  -1.0148252e+00
   5.1100000e+02   2.0585045e+00  -1.1513963e+01   3.3372695e+02   2.9119653e+00   1.3655757e+00  -1.1113153e+00
   5.1200000e+02   2.0585045e+00  -1.1513963e+01   2.0539931e+02   3.0063991e+00   1.3826028e+00  -1.0023412e+00
   5.1300000e+02   2.0585045e+00  -1.1513963e+01   1.8769511e+02   3.0580173e+00   1.4066623e+00  -8.6735119e-01
   5.1400000e+02   2.0585045e+00  -1.1513963e+01   2.3137540e+02   3.0722191e+00   1.4433141e+00  -6.4698908e-01
   5.1500000e+02   2.0585045e+00  -1.1513963e+01   2.7051768e+02   3.0816848e+00   1.4817753e+00  -5.5100856e-01
   5.1600000e+02   2.0585045e+00  -1.1513963e+01   2.5580973e+02   3.0740184e+00   1.5167499e+00  -4.1748766e-01
   5.1700000e+02   2.0585045e+00  -1.1513963e+01   1.7510393e+02   3.0910091e+00   1.5516264e+00  -4.4136111e-01
   5.1800000e+02   2.0585045e+00  -1.1513963e+01   5.6662228e+01   3.2337067e+00   1.5703147e+00  -4.4429411e-01
   5.1900000e+02   2.0257081e+00  -1.1623284e+01  -6.0273784e+01   3.3803994e+00   1.5885184e+00  -4.6209158e-01
   5.2000000e+02   3.4054055e+00  -7.0242927e+00  -1.7270728e+02   3.4459670e+00   1.6119214e+00  -2.3771032e-01
   5.2100000e+02   5.0913009e+00  -1.4046413e+00  -7.7784795e+01   3.4561147e+00   1.6254866e+00  -1.7563714e-01
   5.2200000e+02   5.0585045e+00  -1.5139626e+00   2.9614990e+01   3.4931006e+00   1.6253400e+00  -3.8293195e-01
   5.2300000e+02   5.0585045e+00  -1.5139626e+00   1.4908015e+02   3.5716828e+00   1.6200149e+00  -4.2191537e-01
   5.2400000e+02   5.0585045e+00  -1.5139626e+00   2.0755105e+02   3.5899623e+00   1.6081802e+00  -2.9888185e-01
   5.2500000e+02   5.0585045e+00  -1.5139626e+00   2.1853891e+02   3.5492694e+00   1.5825318e+00  -3.9773375e-01
   5.2600000e+02   5.0585045e+00  -1.5139626e+00   1.3841714e+02   3.5685163e+00   1.5502606e+00  -7.3395212e-01
   5.2700000e+02   5.0585045e+00  -1.5139626e+00   1.4142677e+02   3.6606121e+00   1.5182269e+00  -9.1694931e-01
   5.2800000e+02   5.0585045e+00  -1.5139626e+00   1.7779952e+02   3.7227268e+00   1.4846017e+00  -6.6425915e-01
   5.2900000e+02   5.0585045e+00  -1.5139626e+00   8.1183155e+01   3.7241838e+00   1.4502258e+00  -2.1971784e-01
   5.3000000e+02   5.0689009e+00  -1.5139626e+00  -1.4669273e+02   3.7431439e+00   1.4127587e+00  -2.7724076e-01
   5.3100000e+02   4.3835577e+00  -1.5139626e+00  -2.2139573e+02   3.8125611e+00   1.3788420e+00  -3.1078551e-01
   5.3200000e+02  -5.6674354e-01  -1.5139626e+00  -4.8256952e+01   3.9539318e+00   1.3469821e+00  -2.4846579e-01
   5.3300000e+02  -9.4149550e-01  -1.5139626e+00   1.2120981e+02   4.1430297e+00   1.3243747e+00  -3.2671434e-01
   5.3400000e+02  -9.4149550e-01  -1.5139626e+00   7.5689324e+01   4.2328168e+00   1.3063924e+00  -5.1991927e-01
   5.3500000e+02  -9.4149550e-01  -1.5139626e+00  -6.9671691e+01   4.2626723e+00   1.2883160e+00  -7.9556469e-01
   5.3600000e+02  -9.4149550e-01  -1.5139626e+00   8.3943011e+00   4.3029030e+00   1.2597800e+00  -7.1724073e-01
   5.3700000e+02  -9.4149550e-01  -1.5139626e+00   1.7417058e+02   4.2889035e+00   1.2180502e+00  -7.8925006e-01
   5.3800000e+02  -9.4149550e-01  -1.5139626e+00   1.8715079e+02   4.2043203e+00   1.1676426e+00  -1.0665972e+00
   5.3900000e+02  -9.4149550e-01  -1.5139626e+00  -6.1188988e+01   4.0609166e+00   1.1124667e+00  -1.3529136e+00
   5.4000000e+02  -9.4149550e-01  -1.5139626e+00  -3.8847154e+02   3.9676812e+00   1.0498195e+00  -1.3815568e+00
   5.4100000e+02  -9.4149550e-01  -1.5139626e+00  -4.0287681e+02   3.8826083e+00   9.9688878e-01  -1.3563878e+00
   5.4200000e+02  -9.4149550e-01  -1.5139626e+00  -1.1480780e+02   3.7670367e+00   9.4424370e-01  -1.3963154e+00
   5.4300000e+02  -9.4149550e-01  -1.5139626e+00   5.8055848e+01   3.5938060e+00   8.8991737e-01  -1.1990361e+00
   5.4400000e+02  -9.4149550e-01  -1.5139626e+00   1.1238675e+02   3.4434714e+00   8.3570136e-01  -9.6403718e-01
   5.4500000e+02  -9.4149550e-01  -1.5139626e+00  -2.1767242e+01   3.3458182e+00   7.8623655e-01  -1.0807653e+00
   5.4600000e+02  -9.4149550e-01  -1.5139626e+00  -2.1493551e+02   3.2779517e+00   7.4567375e-01  -1.2238484e+00
   5.4700000e+02  -9.4149550e-01  -1.5139626e+00  -2.6127209e+02   3.2383907e+00   7.0798227e-01  -1.3264577e+00
   5.4800000e+02  -9.4149550e-01  -1.5139626e+00  -2.9816487e+02   3.2147163e+00   6.7113471e-01  -1.3867819e+00
   5.4900000e+02  -9.4149550e-01  -1.5139626e+00  -2.5234161e+02   3.1156523e+00   6.3760327e-01  -1.4809700e+00
   5.5000000e+02  -9.4149550e-01  -1.5139626e+00  -2.3731356e+02   3.0088957e+00   6.0792954e-01  -1.7753590e+00
   5.5100000e+02  -9.4149550e-01  -1.5139626e+00  -1.9283267e+02   2.9782878e+00   5.9036347e-01  -2.0537900e+00
   5.5200000e+02  -9.4149550e-01  -1.5139626e+00  -1.4023202e+02   2.9106937e+00   5.7508324e-01  -2.1453747e+00
   5.5300000e+02  -9.4149550e-01  -1.5139626e+00  -2.2055455e+02   2.8207951e+00   5.5580416e-01  -1.8636538e+00
   5.5400000e+02  -9.8045994e-01  -1.3840811e+00  -2.4972796e+02   2.7089727e+00   5.3477422e-01  -1.7535977e+00
   5.5500000e+02   2.9610196e+00  -1.4522346e+01  -1.9040746e+02   2.5572697e+00   5.2422990e-01  -1.4868871e+00
   5.5600000e+02   5.1113818e+00  -2.1690220e+01   1.0633212e+02   2.4068537e+00   5.2962174e-01  -1.2562740e+00
   5.5700000e+02   5.0585045e+00  -2.1513963e+01   3.8137192e+02   2.2888446e+00   5.3691002e-01  -9.9127204e-01
   5.5800000e+02   5.0585045e+00  -2.1513963e+01   4.1253276e+02   2.2446987e+00   5.5643228e-01  -7.5348266e-01
   5.5900000e+02   5.0585045e+00  -2.1513963e+01   2.7640907e+02   2.3438380e+00   6.3750835e-01  -4.6839523e-01
   5.6000000e+02   5.0585045e+00  -2.1513963e+01   2.2827127e+02   2.4853946e+00   7.6225961e-01  -5.7707704e-01
   5.6100000e+02   5.0585045e+00  -2.1513963e+01   2.4402760e+02   2.5297930e+00   9.0412194e-01  -6.7842401e-01
   5.6200000e+02   5.0585045e+00  -2.1513963e+01   1.9597338e+02   2.5210796e+00   1.0576387e+00  -9.7920282e-01
   5.6300000e+02   5.0585045e+00  -2.1513963e+01   6.4806348e+01   2.5277209e+00   1.2115682e+00  -8.8224579e-01
   5.6400000e+02   5.0585045e+00  -2.1513963e+01  -5.4708479e+00   2.5592504e+00   1.3710208e+00  -7.9360727e-01
   5.6500000e+02   5.0585045e+00  -2.1513963e+01   2.2453817e+01   2.6482634e+00   1.5303960e+00  -4.5963775e-01
   5.6600000e+02   5.0585045e+00  -2.1513963e+01  -7.8077464e+00   2.8288174e+00   1.6878712e+00  -2.8179267e-01
   5.6700000e+02   5.0585045e+00  -2.1513963e+01  -1.5871731e+01   3.0684835e+00   1.8273608e+00  -2.8267650e-01
   5.6800000e+02   5.0585045e+00  -2.1513963e+01  -4.5246310e+01   3.3310076e+00   1.9438675e+00  -2.1380922e-01
   5.6900000e+02   5.0585045e+00  -2.1513963e+01  -5.5647045e+01   3.6197186e+00   2.0392049e+00   1.2884656e-01
   5.7000000e+02   5.0585045e+00  -2.1513963e+01   1.0729359e+02   3.9966423e+00   2.1220140e+00   6.1971351e-01
   5.7100000e+02   5.0585045e+00  -2.1513963e+01   2.0050602e+02   4.3696585e+00   2.1961559e+00   6.4584094e-01
   5.7200000e+02   5.0585045e+00  -2.1513963e+01   2.1251396e+02   4.6084050e+00   2.2679214e+00   2.0486260e-01
   5.7300000e+02   5.0585045e+00  -2.1513963e+01   7.0987464e+01   4.7492660e+00   2.3297972e+00  -1.8939808e-01
   5.7400000e+02   5.0585045e+00  -2.1513963e+01  -1.1488563e+02   4.8579484e+00   2.3877138e+00  -4.4126549e-01
   5.7500000e+02   5.0585045e+00  -2.1513963e+01  -1.9193485e+02   4.9996637e+00   2.4394288e+00  -6.7702721e-01
   5.7600000e+02   5.0585045e+00  -2.1513963e+01  -1.6598356e+02   5.0868821e+00   2.4841795e+00  -8.4144928e-01
   5.7700000e+02   5.0953550e+00  -2.1513963e+01  -1.7568077e+01   5.0573705e+00   2.5256379e+00  -7.8244608e-01
   5.7800000e+02   3.5111262e+00  -2.1513963e+01   8.2090471e+01   5.0407960e+00   2.5626491e+00  -5.7909158e-01
   5.7900000e+02  -9.1000638e-01  -2.1513963e+01   8.4843223e+01   5.0792524e+00   2.5945715e+00  -5.1791920e-01
   5.8000000e+02  -9.4149550e-01  -2.1513963e+01   6.8712695e+01   5.0541272e+00   2.6133784e+00  -1.5067378e-01
   5.8100000e+02  -9.4149550e-01  -2.1513963e+01  -5.8764878e+00   4.9600609e+00   2.6176934e+00   1.4184249e-01
   5.8200000e+02  -9.4149550e-01  -2.1513963e+01  -5.2645146e+01   4.8499527e+00   2.6074822e+00   4.5130093e-01
   5.8300000e+02  -9.4149550e-01  -2.1513963e+01  -8.6064486e+01   4.7640864e+00   2.5831490e+00   4.5858766e-01
   5.8400000e+02  -9.4149550e-01  -2.1513963e+01  -1.7830471e+02   4.6629283e+00   2.5478318e+00   4.5164840e-01
   5.8500000e+02  -9.4149550e-01  -2.1513963e+01  -2.8967937e+02   4.4487343e+00   2.5100386e+00   3.4254020e-01
   5.8600000e+02  -9.4149550e-01  -2.1513963e+01  -3.5333875e+02   4.2075568e+00   2.4731244e+00   4.5964289e-01
   5.8700000e+02  -9.4149550e-01  -2.1513963e+01  -2.5830217e+02   4.0426831e+00   2.4398595e+00   1.2938743e-01
   5.8800000e+02  -9.4149550e-01  -2.1513963e+01  -1.0187077e+02   3.8201013e+00   2.4094146e+00  -9.9902750e-02
   5.8900000e+02  -9.4149550e-01  -2.1513963e+01  -4.6526129e+01   3.7102677e+00   2.3709737e+00  -1.4421959e-01
   5.9000000e+02  -9.4149550e-01  -2.1513963e+01   3.7213242e+01   3.6590249e+00   2.3297596e+00  -2.7174984e-01
   5.9100000e+02  -9.4149550e-01  -2.1513963e+01   7.1763622e+01   3.6684048e+00   2.2850459e+00  -1.5366614e-01
   5.9200000e+02  -9.4149550e-01  -2.1513963e+01   8.2459382e+01   3.6713181e+00   2.2414267e+00  -1.7944171e-02
   5.9300000e+02  -9.4149550e-01  -2.1513963e+01   1.5466493e+02   3.6835561e+00   2.1956309e+00  -1.1162510e-02
   5.9400000e+02  -9.4149550e-01  -2.1513963e+01   6.2467846e+01   3.6895061e+00   2.1534472e+00   1.9609085e-01
   5.9500000e+02  -9.4149550e-01  -2.1513963e+01  -8.8018941e+01   3.6218550e+00   2.1170392e+00   6.8400877e-01
   5.9600000e+02  -9.4149550e-01  -2.1513963e+01  -2.0330895e+02   3.5444879e+00   2.0885582e+00   7.0977815e-01
   5.9700000e+02  -9.4149550e-01  -2.1513963e+01  -1.7833778e+02   3.4755803e+00   2.0707535e+00   5.6410071e-01
   5.9800000e+02  -9.4149550e-01  -2.1513963e+01  -1.8499912e+02   3.3582556e+00   2.0443980e+00   4.8295162e-02
   5.9900000e+02  -9.4149550e-01  -2.1513963e+01  -1.6458959e+02   3.2107350e+00   2.0186610e+00  -4.2854333e-01
   6.0000000e+02  -9.4149550e-01  -2.1513963e+01  -1.6172534e+02   3.0528379e+00   1.9998371e+00  -7.6448354e-01
   6.0100000e+02  -9.4149550e-01  -2.1513963e+01  -8.7100015e+01   2.8214063e+00   1.9704367e+00  -9.7959318e-01
   6.0200000e+02  -9.4149550e-01  -2.1513963e+01  -3.7703276e+01   2.6080704e+00   1.9386090e+00  -6.3305971e-01
   6.0300000e+02  -9.4149550e-01  -2.1513963e+01   3.4837366e+01   2.4831191e+00   1.9064198e+00  -1.9256826e-01
   6.0400000e+02  -9.4149550e-01  -2.1513963e+01   1.1710055e+02   2.3504114e+00   1.8721041e+00  -2.5637947e-01
   6.0500000e+02  -9.4149550e-01  -2.1513963e+01   2.0464551e+02   2.1771212e+00   1.8388936e+00  -6.1124816e-01
   6.0600000e+02  -9.4149550e-01  -2.1513963e+01   3.0455342e+02   2.0285851e+00   1.8038727e+00  -6.8726138e-01
   6.0700000e+02  -9.4149550e-01  -2.1513963e+01   3.7350721e+02   1.9530524e+00   1.7746333e+00  -7.3427988e-01
   6.0800000e+02  -9.4149550e-01  -2.1513963e+01   1.4454024e+02   1.9201069e+00   1.7424434e+00  -9.1167581e-01
   6.0900000e+02  -9.4149550e-01  -2.1513963e+01  -3.2482397e+01   1.9068958e+00   1.7121377e+00  -1.0787932e+00
   6.1000000e+02  -9.4149550e-01  -2.1513963e+01   3.3593725e+01   1.8445837e+00   1.6845784e+00  -9.7402634e-01
   6.1100000e+02  -9.4149550e-01  -2.1513963e+01   2.2698779e+02   1.7348959e+00   1.6605660e+00  -7.6539219e-01
   6.1200000e+02  -1.0070883e+00  -2.1513963e+01   4.0701532e+02   1.6417015e+00   1.6443476e+00  -6.8303737e-01
   6.1300000e+02   1.7523065e+00  -2.1513963e+01   4.2867065e+02   1.5663382e+00   1.6467827e+00  -6.9960208e-01
   6.1400000e+02   5.1240973e+00  -2.1513963e+01   3.9172720e+02   1.6205099e+00   1.6517915e+00  -5.5613158e-01
   6.1500000e+02   5.0585045e+00  -2.1513963e+01   1.0416267e+02   1.7852308e+00   1.6568682e+00  -3.3630196e-01
   6.1600000e+02   5.0585045e+00  -2.1513963e+01  -1.7547194e+02   2.0499987e+00   1.6768967e+00  -3.8150275e-01
   6.1700000e+02   5.0585045e+00  -2.1513963e+01  -3.1222106e+02   2.3967871e+00   1.7230038e+00  -4.8299115e-01
   6.1800000e+02   5.0585045e+00  -2.1513963e+01  -1.5364196e+01   2.7082858e+00   1.7901686e+00  -6.7665359e-01
   6.1900000e+02   5.0585045e+00  -2.1513963e+01   1.5768101e+02   3.0018942e+00   1.8800545e+00  -1.8785721e-01
   6.2000000e+02   5.0585045e+00  -2.1513963e+01   1.7119167e+02   3.3729084e+00   1.9911525e+00   9.2786462e-03
   6.2100000e+02   5.0585045e+00  -2.1513963e+01   7.7938054e+01   3.7505278e+00   2.1151062e+00   1.1593864e-01
   6.2200000e+02   5.0585045e+00  -2.1513963e+01  -1.3091712e+01   4.0690884e+00   2.2430784e+00  -4.3239391e-01
   6.2300000e+02   5.0585045e+00  -2.1513963e+01   2.1214235e+02   4.3122952e+00   2.3655756e+00  -8.3435765e-01
   6.2400000e+02   5.0585045e+00  -2.1690220e+01   2.6551575e+02   4.5044784e+00   2.4632534e+00  -9.7231791e-01
   6.2500000e+02   5.0585045e+00  -1.4522346e+01   1.4887293e+02   4.7218324e+00   2.5444109e+00  -7.6049436e-01
   6.2600000e+02   5.0585045e+00  -1.3840811e+00  -2.3628230e+02   4.9969152e+00   2.6198156e+00  -4.8492623e-01
   6.2700000e+02   5.0585045e+00  -1.5139626e+00  -4.2568096e+02   5.3199331e+00   2.6730700e+00  -3.9872628e-01
   6.2800000e+02   5.0585045e+00  -1.5139626e+00  -3.2869421e+02   5.6456031e+00   2.6972935e+00  -5.2402972e-01
   6.2900000e+02   5.0585045e+00  -1.5139626e+00  -1.9510411e+02   6.0652551e+00   2.6932821e+00  -7.5287283e-01
   6.3000000e+02   5.0585045e+00  -1.5139626e+00   4.4606538e+01   6.4685317e+00   2.6677080e+00  -6.9269878e-01
   6.3100000e+02   5.0585045e+00  -1.5139626e+00   1.6536576e+02   6.6413695e+00   2.6256738e+00  -5.7627245e-01
   6.3200000e+02   5.0585045e+00  -1.5139626e+00   1.0620987e+02   6.6260559e+00   2.5733782e+00  -3.2171161e-01
   6.3300000e+02   5.0585045e+00  -1.5139626e+00   6.2772856e+01   6.5373228e+00   2.5181278e+00   2.0456089e-01
   6.3400000e+02   5.0585045e+00  -1.5139626e+00   1.7476482e+02   6.4389150e+00   2.4547922e+00   3.1979321e-01
   6.3500000e+02   5.0585045e+00  -1.5139626e+00   3.5200253e+02   6.4484614e+00   2.3977143e+00   2.5358732e-01
   6.3600000e+02   5.0585045e+00  -1.5139626e+00   2.4438140e+02   6.5580345e+00   2.3379484e+00   1.0033626e-01
   6.3700000e+02   5.0585045e+00  -1.5139626e+00  -1.5657501e+02   6.6424141e+00   2.2840730e+00   2.1866139e-01
   6.3800000e+02   5.0585045e+00  -1.5139626e+00  -4.8169713e+02   6.7358951e+00   2.2289737e+00   5.2437451e-01
   6.3900000e+02   5.0585045e+00  -1.5139626e+00  -4.7778944e+02   6.7823427e+00   2.1651241e+00   7.5535976e-01
   6.4000000e+02   5.0585045e+00  -1.5139626e+00  -2.6684125e+02   6.7794654e+00   2.1037913e+00   8.4545374e-01
   6.4100000e+02   5.0585045e+00  -1.5139626e+00  -2.8562355e+01   6.8943338e+00   2.0545728e+00   1.1627308e+00
   6.4200000e+02   5.0585045e+00  -1.5139626e+00   1.0519491e+02   7.0629855e+00   2.0124704e+00   8.5572051e-01
   6.4300000e+02   5.0585045e+00  -1.5139626e+00   1.7319366e+02   7.1844943e+00   1.9781720e+00   4.9445075e-01
   6.4400000e+02   5.0585045e+00  -1.5139626e+00   8.9105724e+00   7.2936855e+00   1.9435763e+00   1.2533341e-01
   6.4500000e+02   5.0585045e+00  -1.5139626e+00  -9.4735617e+01   7.3133961e+00   1.9090768e+00  -1.1260187e-01
   6.4600000e+02   5.0585045e+00  -1.5139626e+00  -1.6458678e+02   7.1939347e+00   1.8820974e+00  -1.3606448e-01
   6.4700000e+02   5.0585045e+00  -1.5139626e+00  -2.1308252e+02   7.0054660e+00   1.8632183e+00  -2.4607652e-01
   6.4800000e+02   5.0585045e+00  -1.5139626e+00  -2.0176983e+02   6.8901364e+00   1.8548999e+00  -2.7932775e-01
   6.4900000e+02   5.0585045e+00  -1.5139626e+00   4.5545126e+00   6.8883750e+00   1.8508421e+00  -3.1405943e-01
   6.5000000e+02   5.0585045e+00  -1.5139626e+00   2.0266268e+01   6.8841810e+00   1.8464970e+00  -3.6436068e-01
   6.5100000e+02   5.0585045e+00  -1.5139626e+00  -3.3955535e+01   6.8669440e+00   1.8380292e+00  -6.2310132e-01
   6.5200000e+02   5.0585045e+00  -1.5139626e+00  -1.5719102e+02   6.8104940e+00   1.8284983e+00  -7.1589544e-01
   6.5300000e+02   5.0585045e+00  -1.5139626e+00  -2.4636173e+02   6.6975106e+00   1.8180335e+00  -9.2690665e-01
   6.5400000e+02   5.0585045e+00  -1.5139626e+00  -2.2461010e+02   6.5635998e+00   1.8036581e+00  -1.0500838e+00
   6.5500000e+02   5.0585045e+00  -1.5139626e+00  -1.5542588e+02   6.4510675e+00   1.7892716e+00  -1.1547481e+00
   6.5600000e+02   5.0585045e+00  -1.5139626e+00  -1.1906526e+02   6.3570430e+00   1.7778794e+00  -1.2352430e+00
   6.5700000e+02   5.0585045e+00  -1.5139626e+00  -1.7893185e+02   6.2196320e+00   1.7615687e+00  -1.2848633e+00
   6.5800000e+02   5.0585045e+00  -1.5139626e+00  -2.1722350e+02   6.0826819e+00   1.7329376e+00  -1.2526711e+00
   6.5900000e+02   5.0585045e+00  -1.3840811e+00  -2.2313206e+02   6.0112374e+00   1.7025326e+00  -1.2098337e+00
   6.6000000e+02   5.0585045e+00  -1.4522346e+01  -1.6996768e+02   5.9018926e+00   1.6826752e+00  -1.1323873e+00
   6.6100000e+02   5.0585045e+00  -2.1690220e+01  -1.6635940e+02   5.7327942e+00   1.6700598e+00  -9.8630044e-01
   6.6200000e+02   5.0585045e+00  -2.1513963e+01  -1.8252055e+02   5.4554283e+00   1.6687148e+00  -8.3918615e-01
   6.6300000e+02   5.0585045e+00  -2.1513963e+01  -2.3053046e+02   5.0858172e+00   1.6805258e+00  -8.4090576e-01
   6.6400000e+02   5.0585045e+00  -2.1513963e+01  -1.8888830e+02   4.7952610e+00   1.7060060e+00  -8.2856453e-01
   6.6500000e+02   5.0585045e+00  -2.1513963e+01  -1.3760042e+02   4.6572960e+00   1.7616165e+00  -6.5422797e-01
   6.6600000e+02   5.0585045e+00  -2.1513963e+01  -6.4299994e+01   4.5858138e+00   1.8346007e+00  -2.3678303e-01
   6.6700000e+02   5.0585045e+00  -2.1513963e+01   5.0367115e+00   4.4699381e+00   1.9193037e+00  -3.1441431e-02
   6.6800000e+02   5.0585045e+00  -2.1513963e+01   1.0254141e+02   4.3376855e+00   2.0170567e+00  -3.0993655e-01
   6.6900000e+02   5.0585045e+00  -2.1513963e+01   1.8560084e+02   4.2460306e+00   2.1267464e+00  -5.1168577e-01
   6.7000000e+02   5.0585045e+00  -2.1513963e+01   1.9695659e+02   4.2974839e+00   2.2560720e+00  -4.7728829e-01
   6.7100000e+02   5.0585045e+00  -2.1513963e+01   1.9559073e+02   4.5398887e+00   2.3972899e+00  -6.7406524e-01
   6.7200000e+02   5.0585045e+00  -2.1513963e+01   1.3622015e+02   4.7929100e+00   2.5402991e+00  -7.8193201e-01
   6.7300000e+02   5.0585045e+00  -2.1513963e+01   1.0333849e+02   5.0460178e+00   2.6738960e+00  -9.7872068e-01
   6.7400000e+02   5.0585045e+00  -2.1513963e+01   1.9039426e+02   5.3851620e+00   2.7897184e+00  -8.5270583e-01
   6.7500000e+02   5.0585045e+00  -2.1513963e+01   2.7575168e+02   5.7369824e+00   2.8953581e+00  -9.5019189e-01
   6.7600000e+02   5.0585045e+00  -2.1513963e+01   2.8892402e+02   6.0155736e+00   2.9829226e+00  -8.0180954e-01
   6.7700000e+02   5.0585045e+00  -2.1513963e+01   4.0670579e+02   6.3809935e+00   3.0607323e+00  -7.0859959e-01
   6.7800000e+02   5.0585045e+00  -2.1513963e+01   7.0025666e+02   6.9796323e+00   3.1252664e+00  -6.5399120e-01
   6.7900000e+02   5.0585045e+00  -2.1513963e+01   7.9345578e+02   7.3579805e+00   3.1792453e+00  -4.5087528e-01
   6.8000000e+02   5.0585045e+00  -2.1513963e+01   5.2201415e+02   7.7889909e+00   3.2221325e+00  -4.0768787e-01
   6.8100000e+02   5.0585045e+00  -2.1513963e+01   6.7331089e+01   8.1441401e+00   3.2607452e+00  -4.7129569e-01
   6.8200000e+02   5.0585045e+00  -2.1513963e+01  -1.8387297e+02   8.3607349e+00   3.3005862e+00  -8.9087535e-01
   6.8300000e+02   5.0585045e+00  -2.1513963e+01  -2.1458468e+02   8.4782831e+00   3.3335247e+00  -1.1296073e+00
   6.8400000e+02   5.0585045e+00  -2.1513963e+01  -1.6713134e+02   8.5135644e+00   3.3543026e+00  -1.0320008e+00
   6.8500000e+02   5.0585045e+00  -2.1513963e+01  -5.4152625e+01   8.5043386e+00   3.3706033e+00  -8.8310976e-01
   6.8600000e+02   5.0585045e+00  -2.1513963e+01  -3.7411798e+00   8.5204078e+00   3.3854807e+00  -7.2598182e-01
   6.8700000e+02   5.0585045e+00  -2.1513963e+01   3.3903578e+00   8.5302148e+00   3.3888386e+00  -7.9652792e-01
   6.8800000e+02   5.0585045e+00  -2.1513963e+01  -5.8615800e+01   8.4950001e+00   3.3854096e+00  -7.4552097e-01
   6.8900000e+02   5.0585045e+00  -2.1513963e+01  -3.2097752e+01   8.4022763e+00   3.3814102e+00  -8.2088696e-01
   6.9000000e+02   5.0585045e+00  -2.1513963e+01  -9.4469752e+01   8.3035924e+00   3.3669707e+00  -7.0628414e-01
   6.9100000e+02   5.0585045e+00  -2.1513963e+01  -7.3972577e+01   8.2443110e+00   3.3491076e+00  -6.3223385e-01
   6.9200000e+02   5.0585045e+00  -2.1513963e+01  -8.7528733e+01   8.2073089e+00   3.3271738e+00  -5.4084526e-01
   6.9300000e+02   5.0585045e+00  -2.1513963e+01  -1.3281182e+02   8.1478798e+00   3.2938003e+00  -6.4030698e-01
   6.9400000e+02   5.0953550e+00  -2.1513963e+01  -9.4845188e+01   8.0485649e+00   3.2472862e+00  -3.9430942e-01
   6.9500000e+02   3.5111262e+00  -2.1513963e+01  -4.9336471e+01   7.9916358e+00   3.2058545e+00  -3.0473885e-01
   6.9600000e+02  -9.1000638e-01  -2.1513963e+01  -7.3230825e+01   7.9997762e+00   3.1646241e+00  -3.2787027e-01
   6.9700000e+02  -9.4149550e-01  -2.1513963e+01   2.6415358e+01   7.8784751e+00   3.1177405e+00  -6.2893057e-01
   6.9800000e+02  -9.4149550e-01  -2.1513963e+01  -3.4217258e+00   7.5130742e+00   3.0611687e+00  -9.6831521e-01
   6.9900000e+02  -9.4149550e-01  -2.1513963e+01   5.9418190e+01   7.1249068e+00   2.9901075e+00  -1.0707148e+00
   7.0000000e+02  -9.4149550e-01  -2.1513963e+01   1.3104919e+02   6.8138536e+00   2.9061045e+00  -9.8246572e-01
   7.0100000e+02  -9.4149550e-01  -2.1513963e+01   1.6524701e+02   6.4733666e+00   2.8350423e+00  -6.3771905e-01
   7.0200000e+02  -9.4149550e-01  -2.1513963e+01   4.4584906e+01   6.2034039e+00   2.7726255e+00  -2.6617392e-01
   7.0300000e+02  -9.4149550e-01  -2.1513963e+01  -1.5267958e+02   6.0958235e+00   2.7121835e+00   4.0984994e-02
   7.0400000e+02  -9.4149550e-01  -2.1513963e+01  -1.7865778e+02   6.1333221e+00   2.6663346e+00  -6.1735440e-02
   7.0500000e+02  -9.4149550e-01  -2.1513963e+01   5.9446886e+01   6.2753590e+00   2.6342293e+00  -1.5111719e-01
   7.0600000e+02  -7.7751707e-01  -2.1513963e+01   1.3148380e+02   6.4319565e+00   2.6154819e+00  -5.1691772e-01
   7.0700000e+02   3.9906213e+00  -2.1513963e+01   3.5581207e+01   6.5571578e+00   2.6048640e+00  -8.3820999e-01
   7.0800000e+02   5.0808258e+00  -2.1513963e+01  -1.6636910e+02   6.6585609e+00   2.5949440e+00  -1.0589951e+00
   7.0900000e+02   5.0585045e+00  -2.1513963e+01  -2.6653131e+02   6.6783417e+00   2.5875933e+00  -1.1136057e+00
   7.1000000e+02   5.0585045e+00  -2.1513963e+01  -2.7537104e+02   6.6405682e+00   2.5892124e+00  -1.0029215e+00
   7.1100000e+02   5.0585045e+00  -2.1513963e+01  -2.0424076e+02   6.6005947e+00   2.5933487e+00  -1.0019881e+00
   7.1200000e+02   5.0585045e+00  -2.1513963e+01  -9.2085672e+01   6.5473100e+00   2.5986456e+00  -1.2793930e+00
   7.1300000e+02   5.0619700e+00  -2.1513963e+01  -2.2410113e+01   6.5204188e+00   2.6160754e+00  -1.5538243e+00
   7.1400000e+02   4.8335222e+00  -2.1513963e+01  -9.9489780e+01   6.6561834e+00   2.6466053e+00  -1.4428864e+00
   7.1500000e+02   3.1834218e+00  -2.1513963e+01  -2.6813229e+02   6.8667383e+00   2.6851801e+00  -1.1886411e+00
   7.1600000e+02   3.0585045e+00  -2.1513963e+01  -2.8455415e+02   7.0524844e+00   2.7367512e+00  -9.9488829e-01
   7.1700000e+02   3.0585045e+00  -2.1732605e+01  -2.0902577e+02   7.2237710e+00   2.7935351e+00  -1.1687840e+00
   7.1800000e+02   3.0585045e+00  -1.2534623e+01  -1.8653024e+02   7.2843553e+00   2.8439423e+00  -1.4105047e+00
   7.1900000e+02   3.0585045e+00  -1.2953200e+00  -1.7054193e+02   7.2669832e+00   2.8841808e+00  -1.5559969e+00
   7.2000000e+02   3.0585045e+00  -1.5139626e+00  -1.8175859e+02   7.3973663e+00   2.9018553e+00  -1.6553781e+00
   7.2100000e+02   3.0585045e+00  -1.5139626e+00  -1.3587586e+02   7.5701260e+00   2.8958077e+00  -1.6334251e+00
   7.2200000e+02   3.0585045e+00  -1.5139626e+00  -8.2443043e+01   7.6879628e+00   2.8862702e+00  -1.5229801e+00
   7.2300000e+02   3.0585045e+00  -1.5139626e+00  -7.5637042e+01   7.7197057e+00   2.8522746e+00  -1.7117425e+00
   7.2400000e+02   3.0585045e+00  -1.5139626e+00  -1.3448554e+02   7.6566563e+00   2.7933608e+00  -1.8470337e+00
   7.2500000e+02   3.0585045e+00  -1.5139626e+00  -1.8679423e+02   7.6123508e+00   2.7211308e+00  -1.8650664e+00
   7.2600000e+02   3.0585045e+00  -1.5139626e+00  -2.0690888e+02   7.5922354e+00   2.6464617e+00  -1.5299509e+00
   7.2700000e+02   3.0585045e+00  -1.5139626e+00  -2.4257129e+02   7.5728817e+00   2.5744588e+00  -1.3568107e+00
   7.2800000e+02   3.0585045e+00  -1.5139626e+00  -3.0482550e+02   7.5400024e+00   2.4970848e+00  -1.2444269e+00
   7.2900000e+02   3.0585045e+00  -1.5139626e+00  -3.0010433e+02   7.3065238e+00   2.4190168e+00  -1.2334756e+00
   7.3000000e+02   3.0585045e+00  -1.5139626e+00  -3.2397449e+02   7.1210153e+00   2.3443958e+00  -1.1673160e+00
   7.3100000e+02   3.0585045e+00  -1.5139626e+00  -2.2751924e+02   7.0465822e+00   2.2687723e+00  -8.5340745e-01
   7.3200000e+02   3.0585045e+00  -1.5139626e+00  -2.7362101e+02   6.9617550e+00   2.2124215e+00  -8.4628923e-01
   7.3300000e+02   3.0585045e+00  -1.5139626e+00  -3.4233407e+02   6.9426337e+00   2.1799370e+00  -1.1337594e+00
   7.3400000e+02   3.0585045e+00  -1.5139626e+00  -4.8495787e+02   7.0077294e+00   2.1598163e+00  -1.3531517e+00
   7.3500000e+02   3.0585045e+00  -1.5139626e+00  -6.0743305e+02   7.1350170e+00   2.1430444e+00  -1.2232817e+00
   7.3600000e+02   3.0585045e+00  -1.5139626e+00  -5.3326908e+02   7.1769365e+00   2.1229134e+00  -1.0594658e+00
   7.3700000e+02   3.0585045e+00  -1.5139626e+00  -2.1346282e+02   7.1339340e+00   2.1016411e+00  -8.7310411e-01
   7.3800000e+02   3.0585045e+00  -1.5139626e+00   2.4807528e+02   7.0897900e+00   2.0767689e+00  -6.9154319e-01
   7.3900000e+02   3.0585045e+00  -1.5139626e+00   7.5036127e+02   7.0685124e+00   2.0532345e+00  -3.3804997e-01
   7.4000000e+02   3.0689009e+00  -1.5139626e+00   1.0576423e+03   6.9989289e+00   2.0419501e+00  -4.8995747e-01
   7.4100000e+02   2.3835577e+00  -1.5139626e+00   1.0231471e+03   6.9257137e+00   2.0419743e+00  -8.2907926e-01
   7.4200000e+02  -2.5667435e+00  -1.5139626e+00   9.7097891e+02   6.9197328e+00   2.0462665e+00  -1.1053711e+00
   7.4300000e+02  -2.9414955e+00  -1.5139626e+00   8.2170041e+02   6.9262014e+00   2.0470760e+00  -8.9957831e-01
   7.4400000e+02  -2.9414955e+00  -1.5139626e+00   5.3817423e+02   6.7854605e+00   2.0416208e+00  -6.0456513e-01
   7.4500000e+02  -2.9414955e+00  -1.5139626e+00   3.6868199e+02   6.5355468e+00   2.0359568e+00  -4.4659965e-01
   7.4600000e+02  -2.9414955e+00  -1.5139626e+00   3.6139872e+02   6.3107696e+00   2.0193341e+00  -6.8314563e-01
   7.4700000e+02  -2.9414955e+00  -1.5139626e+00   4.8443883e+02   6.1391335e+00   1.9844226e+00  -7.9575112e-01
   7.4800000e+02  -2.9414955e+00  -1.5139626e+00   4.6102327e+02   5.9275772e+00   1.9444342e+00  -5.1571723e-01
   7.4900000e+02  -2.9414955e+00  -1.5139626e+00   4.3541382e+02   5.7313530e+00   1.8980780e+00  -3.0163032e-01
   7.5000000e+02  -2.9414955e+00  -1.5139626e+00   2.0243763e+02   5.6086243e+00   1.8483278e+00  -4.4773708e-01
   7.5100000e+02  -2.9414955e+00  -1.5139626e+00   6.7668196e-01   5.4335166e+00   1.7882106e+00  -4.8670028e-01
   7.5200000e+02  -2.9414955e+00  -1.5139626e+00  -1.8663691e+02   5.1599198e+00   1.7242524e+00  -6.7806433e-01
   7.5300000e+02  -2.9414955e+00  -1.5139626e+00  -2.5920085e+02   4.8135177e+00   1.6578260e+00  -8.1956893e-01
   7.5400000e+02  -2.9414955e+00  -1.5139626e+00  -1.0240668e+02   4.4759888e+00   1.5901807e+00  -8.2382875e-01
   7.5500000e+02  -2.9414955e+00  -1.5139626e+00   6.5136929e+01   4.1527355e+00   1.5244729e+00  -4.9746661e-01
   7.5600000e+02  -2.9414955e+00  -1.5139626e+00   1.7131524e+02   3.9039158e+00   1.4493621e+00  -4.0311476e-01
   7.5700000e+02  -2.9414955e+00  -1.5139626e+00   6.0893947e+01   3.6678627e+00   1.3911394e+00  -5.2231958e-01
   7.5800000e+02  -2.9414955e+00  -1.5139626e+00  -8.7596309e+01   3.4618663e+00   1.3388836e+00  -6.0340746e-01
   7.5900000e+02  -2.9414955e+00  -1.5139626e+00  -1.0718199e+02   3.2575840e+00   1.2830861e+00  -3.2182125e-01
   7.6000000e+02  -2.9414955e+00  -1.5139626e+00   2.8506950e+00   2.9766532e+00   1.2268898e+00  -3.2930448e-01
   7.6100000e+02  -2.9414955e+00  -1.5139626e+00   4.0907849e+01   2.6816822e+00   1.1636599e+00  -5.6120979e-01
   7.6200000e+02  -2.9414955e+00  -1.5139626e+00  -8.2965191e+01   2.4447341e+00   1.1060022e+00  -8.2967308e-01
   7.6300000e+02  -2.9414955e+00  -1.5139626e+00  -2.2933297e+02   2.2505598e+00   1.0495721e+00  -1.0941078e+00
   7.6400000e+02  -2.9414955e+00  -1.5139626e+00  -1.6317562e+02   2.1258614e+00   9.9399951e-01  -1.2967093e+00
   7.6500000e+02  -2.9414955e+00  -1.5139626e+00  -1.4225113e+01   2.0297391e+00   9.4930617e-01  -1.3684883e+00
   7.6600000e+02  -2.9414955e+00  -1.5139626e+00   4.5940039e+01   1.9345530e+00   9.1111635e-01  -1.2449262e+00
   7.6700000e+02  -2.9414955e+00  -1.5139626e+00   5.6113628e+01   1.9122360e+00   8.7916111e-01  -1.0623676e+00
   7.6800000e+02  -2.9414955e+00  -1.5139626e+00   2.7784070e+00   2.0173239e+00   8.5185211e-01  -8.0496239e-01
   7.6900000e+02  -2.9414955e+00  -1.5139626e+00  -3.6319346e+01   2.1316822e+00   8.2380997e-01  -7.1348587e-01
   7.7000000e+02  -2.9414955e+00  -1.5139626e+00  -5.9490363e+01   2.1857217e+00   7.9766982e-01  -6.9393660e-01
   7.7100000e+02  -2.9414955e+00  -1.5139626e+00  -1.0251461e+02   2.2195889e+00   7.6092940e-01  -6.8211827e-01
   7.7200000e+02  -2.9414955e+00  -1.5139626e+00  -1.6039115e+01   2.1823277e+00   7.3029522e-01  -9.0318582e-01
   7.7300000e+02  -2.9414955e+00  -1.5139626e+00  -3.6460450e+01   2.0941604e+00   7.0304502e-01  -8.6155078e-01
   7.7400000e+02  -2.9414955e+00  -1.5139626e+00   1.8681119e+01   2.0219548e+00   6.8529770e-01  -9.9782858e-01
   7.7500000e+02  -2.9414955e+00  -1.5139626e+00   1.1214925e+01   1.9655720e+00   6.7861764e-01  -9.5138283e-01
   7.7600000e+02  -2.9414955e+00  -1.3840811e+00  -3.4023434e+01   1.9498676e+00   6.7696163e-01  -1.1037774e+00
   7.7700000e+02  -2.9414955e+00  -1.4522346e+01   5.2433389e+00   2.0253330e+00   6.8250659e-01  -1.3262464e+00
   7.7800000e+02  -2.9414955e+00  -2.1690220e+01  -4.3217745e+01   2.2168634e+00   6.8836425e-01  -1.3833404e+00
   7.7900000e+02  -2.9414955e+00  -2.1513963e+01   4.5132588e+01   2.3958767e+00   7.0082168e-01  -1.2680286e+00
   7.8000000e+02  -2.9414955e+00  -2.1513963e+01   7.8737108e+01   2.4230410e+00   7.3388759e-01  -1.1589355e+00
   7.8100000e+02  -2.9414955e+00  -2.1513963e+01   4.6005833e+01   2.4187399e+00   7.9475073e-01  -1.0708545e+00
   7.8200000e+02  -2.9414955e+00  -2.1513963e+01  -3.1070320e+01   2.4314419e+00   8.7153713e-01  -1.1311467e+00
   7.8300000e+02  -2.9414955e+00  -2.1513963e+01  -9.3221623e+01   2.4255038e+00   9.5509702e-01  -1.0966390e+00
   7.8400000e+02  -2.9414955e+00  -2.1513963e+01  -1.0491333e+02   2.3735631e+00   1.0313190e+00  -1.0973681e+00
   7.8500000e+02  -2.9414955e+00  -2.1513963e+01  -1.0749087e+02   2.3330885e+00   1.1036195e+00  -1.0947177e+00
   7.8600000e+02  -2.9414955e+00  -2.1513963e+01  -5.5696962e+01   2.4977773e+00   1.1760919e+00  -9.2664980e-01
   7.8700000e+02  -2.9414955e+00  -2.1513963e+01  -8.0628383e+01   2.6953454e+00   1.2237564e+00  -9.8483655e-01
   7.8800000e+02  -2.9414955e+00  -2.1513963e+01  -5.6708639e+01   2.9210431e+00   1.2731014e+00  -9.5012309e-01
   7.8900000e+02  -2.9414955e+00  -2.1513963e+01  -1.4037906e+02   3.1136345e+00   1.3066164e+00  -9.6069663e-01
   7.9000000e+02  -2.9414955e+00  -2.1513963e+01  -1.4879112e+02   3.1650049e+00   1.3206569e+00  -9.7759793e-01
   7.9100000e+02  -2.9414955e+00  -2.1513963e+01  -1.3199003e+02   3.1373892e+00   1.3239067e+00  -9.0536022e-01
   7.9200000e+02  -2.9414955e+00  -2.1513963e+01  -9.3512174e+01   3.1314335e+00   1.3270545e+00  -8.0927268e-01
   7.9300000e+02  -2.9414955e+00  -2.1513963e+01  -4.4519271e+01   3.1863224e+00   1.3301947e+00  -4.9469275e-01
   7.9400000e+02  -2.9414955e+00  -2.1513963e+01   1.1058787e+01   3.3633361e+00   1.3338174e+00  -6.5524705e-01
   7.9500000e+02  -2.9414955e+00  -2.1513963e+01   3.2869098e+01   3.5715809e+00   1.3460649e+00  -6.2414599e-01
   7.9600000e+02  -2.9414955e+00  -2.1513963e+01   2.6890307e+00   3.7082347e+00   1.3662978e+00  -8.7177898e-01
   7.9700000e+02  -2.9414955e+00  -2.1513963e+01  -6.3580649e+01   3.6838898e+00   1.3846219e+00  -1.0402451e+00
   7.9800000e+02  -2.9414955e+00  -2.1513963e+01  -7.3853407e-01   3.5383121e+00   1.3998181e+00  -1.1991844e+00
   7.9900000e+02  -2.9414955e+00  -2.1513963e+01   5.4999877e+01   3.3146920e+00   1.4112681e+00  -1.4173190e+00
   8.0000000e+02  -2.9414955e+00  -2.1513963e+01   1.1254595e+02   3.0517347e+00   1.4186522e+00  -1.4879705e+00
   8.0100000e+02  -2.9414955e+00  -2.1513963e+01   1.4943178e+02   2.7154062e+00   1.4240789e+00  -1.1334394e+00
   8.0200000e+02  -2.9414955e+00  -2.1513963e+01   1.4376313e+02   2.2957774e+00   1.4296947e+00  -6.9714215e-01
   8.0300000e+02  -2.9414955e+00  -2.1513963e+01   1.6300873e+02   1.9047667e+00   1.4380917e+00   7.7741453e-02
   8.0400000e+02  -2.9414955e+00  -2.1513963e+01   1.2072689e+02   1.5724926e+00   1.4559942e+00   2.4072734e-01
   8.0500000e+02  -2.9414955e+00  -2.1513963e+01  -3.1339171e+01   1.3102835e+00   1.4778881e+00   2.6517925e-01
   8.0600000e+02  -2.9414955e+00  -2.1513963e+01  -1.0159098e+02   1.0922983e+00   1.5001711e+00   1.4554204e-01
   8.0700000e+02  -2.9414955e+00  -2.1513963e+01  -6.6844364e+01   8.8314169e-01   1.5172469e+00   3.5895830e-01
   8.0800000e+02  -2.9414955e+00  -2.1513963e+01   1.0641074e+02   7.3894782e-01   1.5336134e+00   6.2596545e-01
   8.0900000e+02  -2.9414955e+00  -2.1513963e+01   4.2299575e+02   6.5691588e-01   1.5471728e+00   5.5390147e-01
   8.1000000e+02  -2.9414955e+00  -2.1513963e+01   5.2708523e+02   6.4275105e-01   1.5624441e+00   6.9939329e-01
   8.1100000e+02  -2.7775171e+00  -2.1513963e+01   4.8174209e+02   7.2513789e-01   1.5824944e+00   7.3092225e-01
   8.1200000e+02   1.9906213e+00  -2.1513963e+01   3.4218033e+02   8.9077298e-01   1.6236832e+00   1.1295023e+00
   8.1300000e+02   3.0808258e+00  -2.1513963e+01  -1.1447450e+01   1.1339064e+00   1.6732996e+00   1.1893024e+00
   8.1400000e+02   3.0585045e+00  -2.1513963e+01  -1.9062405e+02   1.3648195e+00   1.7312712e+00   1.2156206e+00
   8.1500000e+02   3.0585045e+00  -2.1513963e+01  -1.1502391e+02   1.5456455e+00   1.7884763e+00   9.6274428e-01
   8.1600000e+02   3.0585045e+00  -2.1513963e+01  -9.8589468e+01   1.7380868e+00   1.8440187e+00   8.0573664e-01
   8.1700000e+02   3.0585045e+00  -2.1513963e+01   6.6599555e+01   1.9637836e+00   1.8981211e+00   5.5183301e-01
   8.1800000e+02   3.0585045e+00  -2.1513963e+01  -1.3477850e+02   2.1729580e+00   1.9488388e+00   6.7365660e-01
   8.1900000e+02   3.0585045e+00  -2.1513963e+01  -2.9431875e+02   2.3940478e+00   2.0063820e+00   1.0279826e+00
   8.2000000e+02   3.0585045e+00  -2.1513963e+01  -3.1479479e+02   2.7190192e+00   2.0735604e+00   1.1540876e+00
   8.2100000e+02   3.0585045e+00  -2.1513963e+01  -1.1758802e+02   3.0196431e+00   2.1474893e+00   1.2314553e+00
   8.2200000e+02   3.0585045e+00  -2.1513963e+01   1.3627068e+02   3.1984449e+00   2.2230957e+00   8.1384533e-01
   8.2300000e+02   2.8945261e+00  -2.1513963e+01   2.2901765e+02   3.3502332e+00   2.2966448e+00   7.1959492e-01
   8.2400000e+02  -1.8736123e+00  -2.1513963e+01   6.5895822e+01   3.5149032e+00   2.3660219e+00   2.5493953e-01
   8.2500000e+02  -2.9638168e+00  -2.1513963e+01  -1.0759673e+02   3.6501502e+00   2.4186518e+00  -6.2514107e-02
   8.2600000e+02  -2.9414955e+00  -2.1513963e+01  -2.3751885e+02   3.6848736e+00   2.4453857e+00  -3.2396988e-01
   8.2700000e+02  -2.9414955e+00  -2.1513963e+01  -1.9027217e+02   3.6082231e+00   2.4446002e+00  -4.7367690e-01
   8.2800000e+02  -2.9414955e+00  -2.1513963e+01  -1.3084969e+02   3.4654503e+00   2.4309951e+00  -7.0334742e-01
   8.2900000e+02  -2.9414955e+00  -2.1513963e+01  -6.0856803e+01   3.4283417e+00   2.3948756e+00  -6.9821260e-01
   8.3000000e+02  -2.9414955e+00  -2.1513963e+01  -2.4413223e+01   3.4807551e+00   2.3432888e+00  -5.6091384e-01
   8.3100000e+02  -2.9414955e+00  -2.1513963e+01  -1.1443508e+02   3.5279979e+00   2.2864395e+00  -2.1953376e-01
   8.3200000e+02  -2.9414955e+00  -2.1513963e+01  -1.2474106e+02   3.5003577e+00   2.2352869e+00  -1.5115929e-01
   8.3300000e+02  -2.9414955e+00  -2.1513963e+01  -4.5666440e+01   3.4749116e+00   2.1846894e+00  -3.3845578e-02
   8.3400000e+02  -2.9943728e+00  -2.1513963e+01   1.0624931e+01   3.4987451e+00   2.1288115e+00   3.1626138e-02
   8.3500000e+02  -8.4401056e-01  -2.1513963e+01   8.1800351e+01   3.5234867e+00   2.0735524e+00   3.3087223e-01
   8.3600000e+02   3.0974689e+00  -2.1513963e+01   4.4322571e+00   3.5440757e+00   2.0137967e+00   1.3518749e-01
   8.3700000e+02   3.0585045e+00  -2.1513963e+01  -5.1553388e+01   3.5585304e+00   1.9541500e+00  -3.0897035e-02
   8.3800000e+02   3.0585045e+00  -2.1513963e+01  -1.2722992e+02   3.5472668e+00   1.9095549e+00  -2.4755702e-01
   8.3900000e+02   3.0585045e+00  -2.1513963e+01  -1.6332902e+02   3.5716964e+00   1.8982340e+00  -3.8574280e-01
   8.4000000e+02   3.0585045e+00  -2.1513963e+01  -1.4495466e+02   3.6564048e+00   1.9113778e+00  -7.6268216e-01
   8.4100000e+02   3.0585045e+00  -2.1513963e+01  -7.6883164e+01   3.8173444e+00   1.9408835e+00  -7.9422445e-01
   8.4200000e+02   3.0585045e+00  -2.1513963e+01  -9.0646720e+01   4.0143429e+00   1.9975097e+00  -6.7403665e-01
   8.4300000e+02   3.0585045e+00  -2.1513963e+01  -7.0168049e+01   4.2900299e+00   2.0547732e+00  -6.9354874e-01
   8.4400000e+02   3.0585045e+00  -2.1513963e+01  -2.0051182e+01   4.5765087e+00   2.1054725e+00  -5.1758115e-01
   8.4500000e+02   3.0585045e+00  -2.1513963e+01  -1.6939989e+01   4.7790545e+00   2.1562124e+00  -3.2575120e-01
   8.4600000e+02   3.0585045e+00  -2.1513963e+01  -2.3851457e+01   4.9373917e+00   2.2049842e+00  -2.7620350e-01
   8.4700000e+02   3.0585045e+00  -2.1513963e+01  -1.3302019e+02   5.0636380e+00   2.2448542e+00  -6.5593218e-01
   8.4800000e+02   3.0585045e+00  -2.1513963e+01  -1.1390550e+02   5.1069585e+00   2.2785679e+00  -8.3838786e-01
   8.4900000e+02   3.0585045e+00  -2.1513963e+01  -5.5395745e+01   5.1183071e+00   2.3104661e+00  -7.0089011e-01
   8.5000000e+02   3.0585045e+00  -2.1513963e+01   8.4238127e+01   5.1270335e+00   2.3297864e+00  -1.9833157e-01
   8.5100000e+02   3.0585045e+00  -2.1513963e+01   1.7668471e+02   5.1160045e+00   2.3264167e+00  -1.5843475e-01
   8.5200000e+02   3.0585045e+00  -2.1513963e+01   1.6541877e+02   5.0221066e+00   2.3166071e+00  -2.5768249e-01
   8.5300000e+02   3.0585045e+00  -2.1513963e+01   2.6156847e+02   5.0019126e+00   2.3029700e+00  -7.8470254e-01
   8.5400000e+02   3.0585045e+00  -2.1513963e+01   4.7240017e+02   5.0211416e+00   2.2936787e+00  -8.5544249e-01
   8.5500000e+02   3.0585045e+00  -2.1513963e+01   6.6766105e+02   5.0143170e+00   2.2931103e+00  -9.2911503e-01
   8.5600000e+02   3.0585045e+00  -2.1513963e+01   5.0335752e+02   4.9995000e+00   2.2965126e+00  -6.9716977e-01
   8.5700000e+02   3.0585045e+00  -2.1548617e+01   9.9471093e+01   4.9266056e+00   2.2999427e+00  -6.2216330e-01
   8.5800000e+02   3.0585045e+00  -1.9264140e+01  -1.6683079e+02   4.8400590e+00   2.3048114e+00  -5.6565895e-01
   8.5900000e+02   3.0585045e+00  -2.7631358e+00  -1.3456048e+02   4.7865922e+00   2.3090539e+00  -5.1199778e-01
   8.6000000e+02   3.0585045e+00  -1.5139626e+00   3.5443149e+01   4.7584805e+00   2.3034982e+00  -4.1813325e-01
   8.6100000e+02   3.0585045e+00  -1.5139626e+00   1.8067482e+02   4.6863614e+00   2.2916721e+00  -5.5497109e-01
   8.6200000e+02   3.0585045e+00  -1.5139626e+00   2.0142750e+02   4.5651518e+00   2.2631206e+00  -7.4676489e-01
   8.6300000e+02   3.0585045e+00  -1.5139626e+00   2.2927470e+02   4.4407068e+00   2.2196488e+00  -9.6210294e-01
   8.6400000e+02   3.0585045e+00  -1.5139626e+00   2.3268376e+02   4.2601639e+00   2.1656608e+00  -9.4053432e-01
   8.6500000e+02   3.0585045e+00  -1.5139626e+00   1.3649746e+02   4.0495655e+00   2.1118046e+00  -8.3052509e-01
   8.6600000e+02   3.0585045e+00  -1.5139626e+00  -7.9666627e+01   3.8352790e+00   2.0551734e+00  -6.7475751e-01
   8.6700000e+02   3.0585045e+00  -1.5139626e+00  -1.5763124e+02   3.7266445e+00   1.9995376e+00  -4.7370378e-01
